/*--------------------------------*- C++ -*----------------------------------*\
  =========                 |
  \\      /  F ield         | OpenFOAM: The Open Source CFD Toolbox
   \\    /   O peration     | Website:  https://openfoam.org
    \\  /    A nd           | Version:  7
     \\/     M anipulation  |
\*---------------------------------------------------------------------------*/
FoamFile
{
    version     2.0;
    format      ascii;
    class       labelList;
    note        "nPoints: 6490 nCells: 5290 nFaces: 16999 nInternalFaces: 14741";
    location    "constant/polyMesh";
    object      neighbour;
}
// * * * * * * * * * * * * * * * * * * * * * * * * * * * * * * * * * * * * * //


14741
(
1
10
100
2090
2
11
101
2091
3
12
102
2092
4
13
103
2093
5
14
104
2094
6
15
105
2095
7
16
106
2096
8
17
107
2097
9
18
108
2098
19
109
2099
4000
11
20
110
12
21
111
13
22
112
14
23
113
15
24
114
16
25
115
17
26
116
18
27
117
19
28
118
29
119
4005
21
30
120
22
31
121
23
32
122
24
33
123
25
34
124
26
35
125
27
36
126
28
37
127
29
38
128
39
129
4010
31
40
130
32
41
131
33
42
132
34
43
133
35
44
134
36
45
135
37
46
136
38
47
137
39
48
138
49
139
4015
41
50
140
42
51
141
43
52
142
44
53
143
45
54
144
46
55
145
47
56
146
48
57
147
49
58
148
59
149
4020
51
60
150
52
61
151
53
62
152
54
63
153
55
64
154
56
65
155
57
66
156
58
67
157
59
68
158
69
159
4025
61
70
160
62
71
161
63
72
162
64
73
163
65
74
164
66
75
165
67
76
166
68
77
167
69
78
168
79
169
4030
71
80
170
72
81
171
73
82
172
74
83
173
75
84
174
76
85
175
77
86
176
78
87
177
79
88
178
89
179
4035
81
90
180
82
91
181
83
92
182
84
93
183
85
94
184
86
95
185
87
96
186
88
97
187
89
98
188
99
189
4040
91
190
3000
92
191
3001
93
192
3002
94
193
3003
95
194
3004
96
195
3005
97
196
3006
98
197
3007
99
198
3008
199
3009
4045
101
110
200
2190
102
111
201
2191
103
112
202
2192
104
113
203
2193
105
114
204
2194
106
115
205
2195
107
116
206
2196
108
117
207
2197
109
118
208
2198
119
209
2199
4050
111
120
210
112
121
211
113
122
212
114
123
213
115
124
214
116
125
215
117
126
216
118
127
217
119
128
218
129
219
4055
121
130
220
122
131
221
123
132
222
124
133
223
125
134
224
126
135
225
127
136
226
128
137
227
129
138
228
139
229
4060
131
140
230
132
141
231
133
142
232
134
143
233
135
144
234
136
145
235
137
146
236
138
147
237
139
148
238
149
239
4065
141
150
240
142
151
241
143
152
242
144
153
243
145
154
244
146
155
245
147
156
246
148
157
247
149
158
248
159
249
4070
151
160
250
152
161
251
153
162
252
154
163
253
155
164
254
156
165
255
157
166
256
158
167
257
159
168
258
169
259
4075
161
170
260
162
171
261
163
172
262
164
173
263
165
174
264
166
175
265
167
176
266
168
177
267
169
178
268
179
269
4080
171
180
270
172
181
271
173
182
272
174
183
273
175
184
274
176
185
275
177
186
276
178
187
277
179
188
278
189
279
4085
181
190
280
182
191
281
183
192
282
184
193
283
185
194
284
186
195
285
187
196
286
188
197
287
189
198
288
199
289
4090
191
290
3100
192
291
3101
193
292
3102
194
293
3103
195
294
3104
196
295
3105
197
296
3106
198
297
3107
199
298
3108
299
3109
4095
201
210
300
2290
202
211
301
2291
203
212
302
2292
204
213
303
2293
205
214
304
2294
206
215
305
2295
207
216
306
2296
208
217
307
2297
209
218
308
2298
219
309
2299
4100
211
220
310
212
221
311
213
222
312
214
223
313
215
224
314
216
225
315
217
226
316
218
227
317
219
228
318
229
319
4105
221
230
320
222
231
321
223
232
322
224
233
323
225
234
324
226
235
325
227
236
326
228
237
327
229
238
328
239
329
4110
231
240
330
232
241
331
233
242
332
234
243
333
235
244
334
236
245
335
237
246
336
238
247
337
239
248
338
249
339
4115
241
250
340
242
251
341
243
252
342
244
253
343
245
254
344
246
255
345
247
256
346
248
257
347
249
258
348
259
349
4120
251
260
350
252
261
351
253
262
352
254
263
353
255
264
354
256
265
355
257
266
356
258
267
357
259
268
358
269
359
4125
261
270
360
262
271
361
263
272
362
264
273
363
265
274
364
266
275
365
267
276
366
268
277
367
269
278
368
279
369
4130
271
280
370
272
281
371
273
282
372
274
283
373
275
284
374
276
285
375
277
286
376
278
287
377
279
288
378
289
379
4135
281
290
380
282
291
381
283
292
382
284
293
383
285
294
384
286
295
385
287
296
386
288
297
387
289
298
388
299
389
4140
291
390
3200
292
391
3201
293
392
3202
294
393
3203
295
394
3204
296
395
3205
297
396
3206
298
397
3207
299
398
3208
399
3209
4145
301
310
400
2390
302
311
401
2391
303
312
402
2392
304
313
403
2393
305
314
404
2394
306
315
405
2395
307
316
406
2396
308
317
407
2397
309
318
408
2398
319
409
2399
4150
311
320
410
312
321
411
313
322
412
314
323
413
315
324
414
316
325
415
317
326
416
318
327
417
319
328
418
329
419
4155
321
330
420
322
331
421
323
332
422
324
333
423
325
334
424
326
335
425
327
336
426
328
337
427
329
338
428
339
429
4160
331
340
430
332
341
431
333
342
432
334
343
433
335
344
434
336
345
435
337
346
436
338
347
437
339
348
438
349
439
4165
341
350
440
342
351
441
343
352
442
344
353
443
345
354
444
346
355
445
347
356
446
348
357
447
349
358
448
359
449
4170
351
360
450
352
361
451
353
362
452
354
363
453
355
364
454
356
365
455
357
366
456
358
367
457
359
368
458
369
459
4175
361
370
460
362
371
461
363
372
462
364
373
463
365
374
464
366
375
465
367
376
466
368
377
467
369
378
468
379
469
4180
371
380
470
372
381
471
373
382
472
374
383
473
375
384
474
376
385
475
377
386
476
378
387
477
379
388
478
389
479
4185
381
390
480
382
391
481
383
392
482
384
393
483
385
394
484
386
395
485
387
396
486
388
397
487
389
398
488
399
489
4190
391
490
3300
392
491
3301
393
492
3302
394
493
3303
395
494
3304
396
495
3305
397
496
3306
398
497
3307
399
498
3308
499
3309
4195
401
410
500
2490
402
411
501
2491
403
412
502
2492
404
413
503
2493
405
414
504
2494
406
415
505
2495
407
416
506
2496
408
417
507
2497
409
418
508
2498
419
509
2499
4200
411
420
510
412
421
511
413
422
512
414
423
513
415
424
514
416
425
515
417
426
516
418
427
517
419
428
518
429
519
4205
421
430
520
422
431
521
423
432
522
424
433
523
425
434
524
426
435
525
427
436
526
428
437
527
429
438
528
439
529
4210
431
440
530
432
441
531
433
442
532
434
443
533
435
444
534
436
445
535
437
446
536
438
447
537
439
448
538
449
539
4215
441
450
540
442
451
541
443
452
542
444
453
543
445
454
544
446
455
545
447
456
546
448
457
547
449
458
548
459
549
4220
451
460
550
452
461
551
453
462
552
454
463
553
455
464
554
456
465
555
457
466
556
458
467
557
459
468
558
469
559
4225
461
470
560
462
471
561
463
472
562
464
473
563
465
474
564
466
475
565
467
476
566
468
477
567
469
478
568
479
569
4230
471
480
570
472
481
571
473
482
572
474
483
573
475
484
574
476
485
575
477
486
576
478
487
577
479
488
578
489
579
4235
481
490
580
482
491
581
483
492
582
484
493
583
485
494
584
486
495
585
487
496
586
488
497
587
489
498
588
499
589
4240
491
590
3400
492
591
3401
493
592
3402
494
593
3403
495
594
3404
496
595
3405
497
596
3406
498
597
3407
499
598
3408
599
3409
4245
501
510
600
2590
502
511
601
2591
503
512
602
2592
504
513
603
2593
505
514
604
2594
506
515
605
2595
507
516
606
2596
508
517
607
2597
509
518
608
2598
519
609
2599
4250
511
520
610
512
521
611
513
522
612
514
523
613
515
524
614
516
525
615
517
526
616
518
527
617
519
528
618
529
619
4255
521
530
620
522
531
621
523
532
622
524
533
623
525
534
624
526
535
625
527
536
626
528
537
627
529
538
628
539
629
4260
531
540
630
532
541
631
533
542
632
534
543
633
535
544
634
536
545
635
537
546
636
538
547
637
539
548
638
549
639
4265
541
550
640
542
551
641
543
552
642
544
553
643
545
554
644
546
555
645
547
556
646
548
557
647
549
558
648
559
649
4270
551
560
650
552
561
651
553
562
652
554
563
653
555
564
654
556
565
655
557
566
656
558
567
657
559
568
658
569
659
4275
561
570
660
562
571
661
563
572
662
564
573
663
565
574
664
566
575
665
567
576
666
568
577
667
569
578
668
579
669
4280
571
580
670
572
581
671
573
582
672
574
583
673
575
584
674
576
585
675
577
586
676
578
587
677
579
588
678
589
679
4285
581
590
680
582
591
681
583
592
682
584
593
683
585
594
684
586
595
685
587
596
686
588
597
687
589
598
688
599
689
4290
591
690
3500
592
691
3501
593
692
3502
594
693
3503
595
694
3504
596
695
3505
597
696
3506
598
697
3507
599
698
3508
699
3509
4295
601
610
700
2690
602
611
701
2691
603
612
702
2692
604
613
703
2693
605
614
704
2694
606
615
705
2695
607
616
706
2696
608
617
707
2697
609
618
708
2698
619
709
2699
4300
611
620
710
612
621
711
613
622
712
614
623
713
615
624
714
616
625
715
617
626
716
618
627
717
619
628
718
629
719
4305
621
630
720
622
631
721
623
632
722
624
633
723
625
634
724
626
635
725
627
636
726
628
637
727
629
638
728
639
729
4310
631
640
730
632
641
731
633
642
732
634
643
733
635
644
734
636
645
735
637
646
736
638
647
737
639
648
738
649
739
4315
641
650
740
642
651
741
643
652
742
644
653
743
645
654
744
646
655
745
647
656
746
648
657
747
649
658
748
659
749
4320
651
660
750
652
661
751
653
662
752
654
663
753
655
664
754
656
665
755
657
666
756
658
667
757
659
668
758
669
759
4325
661
670
760
662
671
761
663
672
762
664
673
763
665
674
764
666
675
765
667
676
766
668
677
767
669
678
768
679
769
4330
671
680
770
672
681
771
673
682
772
674
683
773
675
684
774
676
685
775
677
686
776
678
687
777
679
688
778
689
779
4335
681
690
780
682
691
781
683
692
782
684
693
783
685
694
784
686
695
785
687
696
786
688
697
787
689
698
788
699
789
4340
691
790
3600
692
791
3601
693
792
3602
694
793
3603
695
794
3604
696
795
3605
697
796
3606
698
797
3607
699
798
3608
799
3609
4345
701
710
800
2790
702
711
801
2791
703
712
802
2792
704
713
803
2793
705
714
804
2794
706
715
805
2795
707
716
806
2796
708
717
807
2797
709
718
808
2798
719
809
2799
4350
711
720
810
712
721
811
713
722
812
714
723
813
715
724
814
716
725
815
717
726
816
718
727
817
719
728
818
729
819
4355
721
730
820
722
731
821
723
732
822
724
733
823
725
734
824
726
735
825
727
736
826
728
737
827
729
738
828
739
829
4360
731
740
830
732
741
831
733
742
832
734
743
833
735
744
834
736
745
835
737
746
836
738
747
837
739
748
838
749
839
4365
741
750
840
742
751
841
743
752
842
744
753
843
745
754
844
746
755
845
747
756
846
748
757
847
749
758
848
759
849
4370
751
760
850
752
761
851
753
762
852
754
763
853
755
764
854
756
765
855
757
766
856
758
767
857
759
768
858
769
859
4375
761
770
860
762
771
861
763
772
862
764
773
863
765
774
864
766
775
865
767
776
866
768
777
867
769
778
868
779
869
4380
771
780
870
772
781
871
773
782
872
774
783
873
775
784
874
776
785
875
777
786
876
778
787
877
779
788
878
789
879
4385
781
790
880
782
791
881
783
792
882
784
793
883
785
794
884
786
795
885
787
796
886
788
797
887
789
798
888
799
889
4390
791
890
3700
792
891
3701
793
892
3702
794
893
3703
795
894
3704
796
895
3705
797
896
3706
798
897
3707
799
898
3708
899
3709
4395
801
810
900
2890
802
811
901
2891
803
812
902
2892
804
813
903
2893
805
814
904
2894
806
815
905
2895
807
816
906
2896
808
817
907
2897
809
818
908
2898
819
909
2899
4400
811
820
910
812
821
911
813
822
912
814
823
913
815
824
914
816
825
915
817
826
916
818
827
917
819
828
918
829
919
4405
821
830
920
822
831
921
823
832
922
824
833
923
825
834
924
826
835
925
827
836
926
828
837
927
829
838
928
839
929
4410
831
840
930
832
841
931
833
842
932
834
843
933
835
844
934
836
845
935
837
846
936
838
847
937
839
848
938
849
939
4415
841
850
940
842
851
941
843
852
942
844
853
943
845
854
944
846
855
945
847
856
946
848
857
947
849
858
948
859
949
4420
851
860
950
852
861
951
853
862
952
854
863
953
855
864
954
856
865
955
857
866
956
858
867
957
859
868
958
869
959
4425
861
870
960
862
871
961
863
872
962
864
873
963
865
874
964
866
875
965
867
876
966
868
877
967
869
878
968
879
969
4430
871
880
970
872
881
971
873
882
972
874
883
973
875
884
974
876
885
975
877
886
976
878
887
977
879
888
978
889
979
4435
881
890
980
882
891
981
883
892
982
884
893
983
885
894
984
886
895
985
887
896
986
888
897
987
889
898
988
899
989
4440
891
990
3800
892
991
3801
893
992
3802
894
993
3803
895
994
3804
896
995
3805
897
996
3806
898
997
3807
899
998
3808
999
3809
4445
901
910
2990
4900
902
911
2991
4901
903
912
2992
4902
904
913
2993
4903
905
914
2994
4904
906
915
2995
4905
907
916
2996
4906
908
917
2997
4907
909
918
2998
4908
919
2999
4450
4909
911
920
4910
912
921
4911
913
922
4912
914
923
4913
915
924
4914
916
925
4915
917
926
4916
918
927
4917
919
928
4918
929
4455
4919
921
930
4920
922
931
4921
923
932
4922
924
933
4923
925
934
4924
926
935
4925
927
936
4926
928
937
4927
929
938
4928
939
4460
4929
931
940
4930
932
941
4931
933
942
4932
934
943
4933
935
944
4934
936
945
4935
937
946
4936
938
947
4937
939
948
4938
949
4465
4939
941
950
4940
942
951
4941
943
952
4942
944
953
4943
945
954
4944
946
955
4945
947
956
4946
948
957
4947
949
958
4948
959
4470
4949
951
960
4950
952
961
4951
953
962
4952
954
963
4953
955
964
4954
956
965
4955
957
966
4956
958
967
4957
959
968
4958
969
4475
4959
961
970
4960
962
971
4961
963
972
4962
964
973
4963
965
974
4964
966
975
4965
967
976
4966
968
977
4967
969
978
4968
979
4480
4969
971
980
4970
972
981
4971
973
982
4972
974
983
4973
975
984
4974
976
985
4975
977
986
4976
978
987
4977
979
988
4978
989
4485
4979
981
990
4980
982
991
4981
983
992
4982
984
993
4983
985
994
4984
986
995
4985
987
996
4986
988
997
4987
989
998
4988
999
4490
4989
991
3900
4990
992
3901
4991
993
3902
4992
994
3903
4993
995
3904
4994
996
3905
4995
997
3906
4996
998
3907
4997
999
3908
4998
3909
4495
4999
1001
1010
1100
4004
1002
1011
1101
1003
1012
1102
1004
1013
1103
1005
1014
1104
1006
1015
1105
1007
1016
1106
1008
1017
1107
1009
1018
1108
1019
1109
1011
1020
1110
4009
1012
1021
1111
1013
1022
1112
1014
1023
1113
1015
1024
1114
1016
1025
1115
1017
1026
1116
1018
1027
1117
1019
1028
1118
1029
1119
1021
1030
1120
4014
1022
1031
1121
1023
1032
1122
1024
1033
1123
1025
1034
1124
1026
1035
1125
1027
1036
1126
1028
1037
1127
1029
1038
1128
1039
1129
1031
1040
1130
4019
1032
1041
1131
1033
1042
1132
1034
1043
1133
1035
1044
1134
1036
1045
1135
1037
1046
1136
1038
1047
1137
1039
1048
1138
1049
1139
1041
1050
1140
4024
1042
1051
1141
1043
1052
1142
1044
1053
1143
1045
1054
1144
1046
1055
1145
1047
1056
1146
1048
1057
1147
1049
1058
1148
1059
1149
1051
1060
1150
4029
1052
1061
1151
1053
1062
1152
1054
1063
1153
1055
1064
1154
1056
1065
1155
1057
1066
1156
1058
1067
1157
1059
1068
1158
1069
1159
1061
1070
1160
4034
1062
1071
1161
1063
1072
1162
1064
1073
1163
1065
1074
1164
1066
1075
1165
1067
1076
1166
1068
1077
1167
1069
1078
1168
1079
1169
1071
1080
1170
4039
1072
1081
1171
1073
1082
1172
1074
1083
1173
1075
1084
1174
1076
1085
1175
1077
1086
1176
1078
1087
1177
1079
1088
1178
1089
1179
1081
1090
1180
4044
1082
1091
1181
1083
1092
1182
1084
1093
1183
1085
1094
1184
1086
1095
1185
1087
1096
1186
1088
1097
1187
1089
1098
1188
1099
1189
1091
1190
4049
4500
1092
1191
4501
1093
1192
4502
1094
1193
4503
1095
1194
4504
1096
1195
4505
1097
1196
4506
1098
1197
4507
1099
1198
4508
1199
4509
1101
1110
1200
4054
1102
1111
1201
1103
1112
1202
1104
1113
1203
1105
1114
1204
1106
1115
1205
1107
1116
1206
1108
1117
1207
1109
1118
1208
1119
1209
1111
1120
1210
4059
1112
1121
1211
1113
1122
1212
1114
1123
1213
1115
1124
1214
1116
1125
1215
1117
1126
1216
1118
1127
1217
1119
1128
1218
1129
1219
1121
1130
1220
4064
1122
1131
1221
1123
1132
1222
1124
1133
1223
1125
1134
1224
1126
1135
1225
1127
1136
1226
1128
1137
1227
1129
1138
1228
1139
1229
1131
1140
1230
4069
1132
1141
1231
1133
1142
1232
1134
1143
1233
1135
1144
1234
1136
1145
1235
1137
1146
1236
1138
1147
1237
1139
1148
1238
1149
1239
1141
1150
1240
4074
1142
1151
1241
1143
1152
1242
1144
1153
1243
1145
1154
1244
1146
1155
1245
1147
1156
1246
1148
1157
1247
1149
1158
1248
1159
1249
1151
1160
1250
4079
1152
1161
1251
1153
1162
1252
1154
1163
1253
1155
1164
1254
1156
1165
1255
1157
1166
1256
1158
1167
1257
1159
1168
1258
1169
1259
1161
1170
1260
4084
1162
1171
1261
1163
1172
1262
1164
1173
1263
1165
1174
1264
1166
1175
1265
1167
1176
1266
1168
1177
1267
1169
1178
1268
1179
1269
1171
1180
1270
4089
1172
1181
1271
1173
1182
1272
1174
1183
1273
1175
1184
1274
1176
1185
1275
1177
1186
1276
1178
1187
1277
1179
1188
1278
1189
1279
1181
1190
1280
4094
1182
1191
1281
1183
1192
1282
1184
1193
1283
1185
1194
1284
1186
1195
1285
1187
1196
1286
1188
1197
1287
1189
1198
1288
1199
1289
1191
1290
4099
4540
1192
1291
4541
1193
1292
4542
1194
1293
4543
1195
1294
4544
1196
1295
4545
1197
1296
4546
1198
1297
4547
1199
1298
4548
1299
4549
1201
1210
1300
4104
1202
1211
1301
1203
1212
1302
1204
1213
1303
1205
1214
1304
1206
1215
1305
1207
1216
1306
1208
1217
1307
1209
1218
1308
1219
1309
1211
1220
1310
4109
1212
1221
1311
1213
1222
1312
1214
1223
1313
1215
1224
1314
1216
1225
1315
1217
1226
1316
1218
1227
1317
1219
1228
1318
1229
1319
1221
1230
1320
4114
1222
1231
1321
1223
1232
1322
1224
1233
1323
1225
1234
1324
1226
1235
1325
1227
1236
1326
1228
1237
1327
1229
1238
1328
1239
1329
1231
1240
1330
4119
1232
1241
1331
1233
1242
1332
1234
1243
1333
1235
1244
1334
1236
1245
1335
1237
1246
1336
1238
1247
1337
1239
1248
1338
1249
1339
1241
1250
1340
4124
1242
1251
1341
1243
1252
1342
1244
1253
1343
1245
1254
1344
1246
1255
1345
1247
1256
1346
1248
1257
1347
1249
1258
1348
1259
1349
1251
1260
1350
4129
1252
1261
1351
1253
1262
1352
1254
1263
1353
1255
1264
1354
1256
1265
1355
1257
1266
1356
1258
1267
1357
1259
1268
1358
1269
1359
1261
1270
1360
4134
1262
1271
1361
1263
1272
1362
1264
1273
1363
1265
1274
1364
1266
1275
1365
1267
1276
1366
1268
1277
1367
1269
1278
1368
1279
1369
1271
1280
1370
4139
1272
1281
1371
1273
1282
1372
1274
1283
1373
1275
1284
1374
1276
1285
1375
1277
1286
1376
1278
1287
1377
1279
1288
1378
1289
1379
1281
1290
1380
4144
1282
1291
1381
1283
1292
1382
1284
1293
1383
1285
1294
1384
1286
1295
1385
1287
1296
1386
1288
1297
1387
1289
1298
1388
1299
1389
1291
1390
4149
4580
1292
1391
4581
1293
1392
4582
1294
1393
4583
1295
1394
4584
1296
1395
4585
1297
1396
4586
1298
1397
4587
1299
1398
4588
1399
4589
1301
1310
1400
4154
1302
1311
1401
1303
1312
1402
1304
1313
1403
1305
1314
1404
1306
1315
1405
1307
1316
1406
1308
1317
1407
1309
1318
1408
1319
1409
1311
1320
1410
4159
1312
1321
1411
1313
1322
1412
1314
1323
1413
1315
1324
1414
1316
1325
1415
1317
1326
1416
1318
1327
1417
1319
1328
1418
1329
1419
1321
1330
1420
4164
1322
1331
1421
1323
1332
1422
1324
1333
1423
1325
1334
1424
1326
1335
1425
1327
1336
1426
1328
1337
1427
1329
1338
1428
1339
1429
1331
1340
1430
4169
1332
1341
1431
1333
1342
1432
1334
1343
1433
1335
1344
1434
1336
1345
1435
1337
1346
1436
1338
1347
1437
1339
1348
1438
1349
1439
1341
1350
1440
4174
1342
1351
1441
1343
1352
1442
1344
1353
1443
1345
1354
1444
1346
1355
1445
1347
1356
1446
1348
1357
1447
1349
1358
1448
1359
1449
1351
1360
1450
4179
1352
1361
1451
1353
1362
1452
1354
1363
1453
1355
1364
1454
1356
1365
1455
1357
1366
1456
1358
1367
1457
1359
1368
1458
1369
1459
1361
1370
1460
4184
1362
1371
1461
1363
1372
1462
1364
1373
1463
1365
1374
1464
1366
1375
1465
1367
1376
1466
1368
1377
1467
1369
1378
1468
1379
1469
1371
1380
1470
4189
1372
1381
1471
1373
1382
1472
1374
1383
1473
1375
1384
1474
1376
1385
1475
1377
1386
1476
1378
1387
1477
1379
1388
1478
1389
1479
1381
1390
1480
4194
1382
1391
1481
1383
1392
1482
1384
1393
1483
1385
1394
1484
1386
1395
1485
1387
1396
1486
1388
1397
1487
1389
1398
1488
1399
1489
1391
1490
4199
4620
1392
1491
4621
1393
1492
4622
1394
1493
4623
1395
1494
4624
1396
1495
4625
1397
1496
4626
1398
1497
4627
1399
1498
4628
1499
4629
1401
1410
1500
4204
1402
1411
1501
1403
1412
1502
1404
1413
1503
1405
1414
1504
1406
1415
1505
1407
1416
1506
1408
1417
1507
1409
1418
1508
1419
1509
1411
1420
1510
4209
1412
1421
1511
1413
1422
1512
1414
1423
1513
1415
1424
1514
1416
1425
1515
1417
1426
1516
1418
1427
1517
1419
1428
1518
1429
1519
1421
1430
1520
4214
1422
1431
1521
1423
1432
1522
1424
1433
1523
1425
1434
1524
1426
1435
1525
1427
1436
1526
1428
1437
1527
1429
1438
1528
1439
1529
1431
1440
1530
4219
1432
1441
1531
1433
1442
1532
1434
1443
1533
1435
1444
1534
1436
1445
1535
1437
1446
1536
1438
1447
1537
1439
1448
1538
1449
1539
1441
1450
1540
4224
1442
1451
1541
1443
1452
1542
1444
1453
1543
1445
1454
1544
1446
1455
1545
1447
1456
1546
1448
1457
1547
1449
1458
1548
1459
1549
1451
1460
1550
4229
1452
1461
1551
1453
1462
1552
1454
1463
1553
1455
1464
1554
1456
1465
1555
1457
1466
1556
1458
1467
1557
1459
1468
1558
1469
1559
1461
1470
1560
4234
1462
1471
1561
1463
1472
1562
1464
1473
1563
1465
1474
1564
1466
1475
1565
1467
1476
1566
1468
1477
1567
1469
1478
1568
1479
1569
1471
1480
1570
4239
1472
1481
1571
1473
1482
1572
1474
1483
1573
1475
1484
1574
1476
1485
1575
1477
1486
1576
1478
1487
1577
1479
1488
1578
1489
1579
1481
1490
1580
4244
1482
1491
1581
1483
1492
1582
1484
1493
1583
1485
1494
1584
1486
1495
1585
1487
1496
1586
1488
1497
1587
1489
1498
1588
1499
1589
1491
1590
4249
4660
1492
1591
4661
1493
1592
4662
1494
1593
4663
1495
1594
4664
1496
1595
4665
1497
1596
4666
1498
1597
4667
1499
1598
4668
1599
4669
1501
1510
1600
4254
1502
1511
1601
1503
1512
1602
1504
1513
1603
1505
1514
1604
1506
1515
1605
1507
1516
1606
1508
1517
1607
1509
1518
1608
1519
1609
1511
1520
1610
4259
1512
1521
1611
1513
1522
1612
1514
1523
1613
1515
1524
1614
1516
1525
1615
1517
1526
1616
1518
1527
1617
1519
1528
1618
1529
1619
1521
1530
1620
4264
1522
1531
1621
1523
1532
1622
1524
1533
1623
1525
1534
1624
1526
1535
1625
1527
1536
1626
1528
1537
1627
1529
1538
1628
1539
1629
1531
1540
1630
4269
1532
1541
1631
1533
1542
1632
1534
1543
1633
1535
1544
1634
1536
1545
1635
1537
1546
1636
1538
1547
1637
1539
1548
1638
1549
1639
1541
1550
1640
4274
1542
1551
1641
1543
1552
1642
1544
1553
1643
1545
1554
1644
1546
1555
1645
1547
1556
1646
1548
1557
1647
1549
1558
1648
1559
1649
1551
1560
1650
4279
1552
1561
1651
1553
1562
1652
1554
1563
1653
1555
1564
1654
1556
1565
1655
1557
1566
1656
1558
1567
1657
1559
1568
1658
1569
1659
1561
1570
1660
4284
1562
1571
1661
1563
1572
1662
1564
1573
1663
1565
1574
1664
1566
1575
1665
1567
1576
1666
1568
1577
1667
1569
1578
1668
1579
1669
1571
1580
1670
4289
1572
1581
1671
1573
1582
1672
1574
1583
1673
1575
1584
1674
1576
1585
1675
1577
1586
1676
1578
1587
1677
1579
1588
1678
1589
1679
1581
1590
1680
4294
1582
1591
1681
1583
1592
1682
1584
1593
1683
1585
1594
1684
1586
1595
1685
1587
1596
1686
1588
1597
1687
1589
1598
1688
1599
1689
1591
1690
4299
4700
1592
1691
4701
1593
1692
4702
1594
1693
4703
1595
1694
4704
1596
1695
4705
1597
1696
4706
1598
1697
4707
1599
1698
4708
1699
4709
1601
1610
1700
4304
1602
1611
1701
1603
1612
1702
1604
1613
1703
1605
1614
1704
1606
1615
1705
1607
1616
1706
1608
1617
1707
1609
1618
1708
1619
1709
1611
1620
1710
4309
1612
1621
1711
1613
1622
1712
1614
1623
1713
1615
1624
1714
1616
1625
1715
1617
1626
1716
1618
1627
1717
1619
1628
1718
1629
1719
1621
1630
1720
4314
1622
1631
1721
1623
1632
1722
1624
1633
1723
1625
1634
1724
1626
1635
1725
1627
1636
1726
1628
1637
1727
1629
1638
1728
1639
1729
1631
1640
1730
4319
1632
1641
1731
1633
1642
1732
1634
1643
1733
1635
1644
1734
1636
1645
1735
1637
1646
1736
1638
1647
1737
1639
1648
1738
1649
1739
1641
1650
1740
4324
1642
1651
1741
1643
1652
1742
1644
1653
1743
1645
1654
1744
1646
1655
1745
1647
1656
1746
1648
1657
1747
1649
1658
1748
1659
1749
1651
1660
1750
4329
1652
1661
1751
1653
1662
1752
1654
1663
1753
1655
1664
1754
1656
1665
1755
1657
1666
1756
1658
1667
1757
1659
1668
1758
1669
1759
1661
1670
1760
4334
1662
1671
1761
1663
1672
1762
1664
1673
1763
1665
1674
1764
1666
1675
1765
1667
1676
1766
1668
1677
1767
1669
1678
1768
1679
1769
1671
1680
1770
4339
1672
1681
1771
1673
1682
1772
1674
1683
1773
1675
1684
1774
1676
1685
1775
1677
1686
1776
1678
1687
1777
1679
1688
1778
1689
1779
1681
1690
1780
4344
1682
1691
1781
1683
1692
1782
1684
1693
1783
1685
1694
1784
1686
1695
1785
1687
1696
1786
1688
1697
1787
1689
1698
1788
1699
1789
1691
1790
4349
4740
1692
1791
4741
1693
1792
4742
1694
1793
4743
1695
1794
4744
1696
1795
4745
1697
1796
4746
1698
1797
4747
1699
1798
4748
1799
4749
1701
1710
1800
4354
1702
1711
1801
1703
1712
1802
1704
1713
1803
1705
1714
1804
1706
1715
1805
1707
1716
1806
1708
1717
1807
1709
1718
1808
1719
1809
1711
1720
1810
4359
1712
1721
1811
1713
1722
1812
1714
1723
1813
1715
1724
1814
1716
1725
1815
1717
1726
1816
1718
1727
1817
1719
1728
1818
1729
1819
1721
1730
1820
4364
1722
1731
1821
1723
1732
1822
1724
1733
1823
1725
1734
1824
1726
1735
1825
1727
1736
1826
1728
1737
1827
1729
1738
1828
1739
1829
1731
1740
1830
4369
1732
1741
1831
1733
1742
1832
1734
1743
1833
1735
1744
1834
1736
1745
1835
1737
1746
1836
1738
1747
1837
1739
1748
1838
1749
1839
1741
1750
1840
4374
1742
1751
1841
1743
1752
1842
1744
1753
1843
1745
1754
1844
1746
1755
1845
1747
1756
1846
1748
1757
1847
1749
1758
1848
1759
1849
1751
1760
1850
4379
1752
1761
1851
1753
1762
1852
1754
1763
1853
1755
1764
1854
1756
1765
1855
1757
1766
1856
1758
1767
1857
1759
1768
1858
1769
1859
1761
1770
1860
4384
1762
1771
1861
1763
1772
1862
1764
1773
1863
1765
1774
1864
1766
1775
1865
1767
1776
1866
1768
1777
1867
1769
1778
1868
1779
1869
1771
1780
1870
4389
1772
1781
1871
1773
1782
1872
1774
1783
1873
1775
1784
1874
1776
1785
1875
1777
1786
1876
1778
1787
1877
1779
1788
1878
1789
1879
1781
1790
1880
4394
1782
1791
1881
1783
1792
1882
1784
1793
1883
1785
1794
1884
1786
1795
1885
1787
1796
1886
1788
1797
1887
1789
1798
1888
1799
1889
1791
1890
4399
4780
1792
1891
4781
1793
1892
4782
1794
1893
4783
1795
1894
4784
1796
1895
4785
1797
1896
4786
1798
1897
4787
1799
1898
4788
1899
4789
1801
1810
1900
4404
1802
1811
1901
1803
1812
1902
1804
1813
1903
1805
1814
1904
1806
1815
1905
1807
1816
1906
1808
1817
1907
1809
1818
1908
1819
1909
1811
1820
1910
4409
1812
1821
1911
1813
1822
1912
1814
1823
1913
1815
1824
1914
1816
1825
1915
1817
1826
1916
1818
1827
1917
1819
1828
1918
1829
1919
1821
1830
1920
4414
1822
1831
1921
1823
1832
1922
1824
1833
1923
1825
1834
1924
1826
1835
1925
1827
1836
1926
1828
1837
1927
1829
1838
1928
1839
1929
1831
1840
1930
4419
1832
1841
1931
1833
1842
1932
1834
1843
1933
1835
1844
1934
1836
1845
1935
1837
1846
1936
1838
1847
1937
1839
1848
1938
1849
1939
1841
1850
1940
4424
1842
1851
1941
1843
1852
1942
1844
1853
1943
1845
1854
1944
1846
1855
1945
1847
1856
1946
1848
1857
1947
1849
1858
1948
1859
1949
1851
1860
1950
4429
1852
1861
1951
1853
1862
1952
1854
1863
1953
1855
1864
1954
1856
1865
1955
1857
1866
1956
1858
1867
1957
1859
1868
1958
1869
1959
1861
1870
1960
4434
1862
1871
1961
1863
1872
1962
1864
1873
1963
1865
1874
1964
1866
1875
1965
1867
1876
1966
1868
1877
1967
1869
1878
1968
1879
1969
1871
1880
1970
4439
1872
1881
1971
1873
1882
1972
1874
1883
1973
1875
1884
1974
1876
1885
1975
1877
1886
1976
1878
1887
1977
1879
1888
1978
1889
1979
1881
1890
1980
4444
1882
1891
1981
1883
1892
1982
1884
1893
1983
1885
1894
1984
1886
1895
1985
1887
1896
1986
1888
1897
1987
1889
1898
1988
1899
1989
1891
1990
4449
4820
1892
1991
4821
1893
1992
4822
1894
1993
4823
1895
1994
4824
1896
1995
4825
1897
1996
4826
1898
1997
4827
1899
1998
4828
1999
4829
1901
1910
4454
5000
1902
1911
5001
1903
1912
5002
1904
1913
5003
1905
1914
5004
1906
1915
5005
1907
1916
5006
1908
1917
5007
1909
1918
5008
1919
5009
1911
1920
4459
5010
1912
1921
5011
1913
1922
5012
1914
1923
5013
1915
1924
5014
1916
1925
5015
1917
1926
5016
1918
1927
5017
1919
1928
5018
1929
5019
1921
1930
4464
5020
1922
1931
5021
1923
1932
5022
1924
1933
5023
1925
1934
5024
1926
1935
5025
1927
1936
5026
1928
1937
5027
1929
1938
5028
1939
5029
1931
1940
4469
5030
1932
1941
5031
1933
1942
5032
1934
1943
5033
1935
1944
5034
1936
1945
5035
1937
1946
5036
1938
1947
5037
1939
1948
5038
1949
5039
1941
1950
4474
5040
1942
1951
5041
1943
1952
5042
1944
1953
5043
1945
1954
5044
1946
1955
5045
1947
1956
5046
1948
1957
5047
1949
1958
5048
1959
5049
1951
1960
4479
5050
1952
1961
5051
1953
1962
5052
1954
1963
5053
1955
1964
5054
1956
1965
5055
1957
1966
5056
1958
1967
5057
1959
1968
5058
1969
5059
1961
1970
4484
5060
1962
1971
5061
1963
1972
5062
1964
1973
5063
1965
1974
5064
1966
1975
5065
1967
1976
5066
1968
1977
5067
1969
1978
5068
1979
5069
1971
1980
4489
5070
1972
1981
5071
1973
1982
5072
1974
1983
5073
1975
1984
5074
1976
1985
5075
1977
1986
5076
1978
1987
5077
1979
1988
5078
1989
5079
1981
1990
4494
5080
1982
1991
5081
1983
1992
5082
1984
1993
5083
1985
1994
5084
1986
1995
5085
1987
1996
5086
1988
1997
5087
1989
1998
5088
1999
5089
1991
4499
4860
5090
1992
4861
5091
1993
4862
5092
1994
4863
5093
1995
4864
5094
1996
4865
5095
1997
4866
5096
1998
4867
5097
1999
4868
5098
4869
5099
2001
2010
2100
2002
2011
2101
2003
2012
2102
2004
2013
2103
2005
2014
2104
2006
2015
2105
2007
2016
2106
2008
2017
2107
2009
2018
2108
2019
2109
2011
2020
2110
2012
2021
2111
2013
2022
2112
2014
2023
2113
2015
2024
2114
2016
2025
2115
2017
2026
2116
2018
2027
2117
2019
2028
2118
2029
2119
2021
2030
2120
2022
2031
2121
2023
2032
2122
2024
2033
2123
2025
2034
2124
2026
2035
2125
2027
2036
2126
2028
2037
2127
2029
2038
2128
2039
2129
2031
2040
2130
2032
2041
2131
2033
2042
2132
2034
2043
2133
2035
2044
2134
2036
2045
2135
2037
2046
2136
2038
2047
2137
2039
2048
2138
2049
2139
2041
2050
2140
2042
2051
2141
2043
2052
2142
2044
2053
2143
2045
2054
2144
2046
2055
2145
2047
2056
2146
2048
2057
2147
2049
2058
2148
2059
2149
2051
2060
2150
2052
2061
2151
2053
2062
2152
2054
2063
2153
2055
2064
2154
2056
2065
2155
2057
2066
2156
2058
2067
2157
2059
2068
2158
2069
2159
2061
2070
2160
2062
2071
2161
2063
2072
2162
2064
2073
2163
2065
2074
2164
2066
2075
2165
2067
2076
2166
2068
2077
2167
2069
2078
2168
2079
2169
2071
2080
2170
2072
2081
2171
2073
2082
2172
2074
2083
2173
2075
2084
2174
2076
2085
2175
2077
2086
2176
2078
2087
2177
2079
2088
2178
2089
2179
2081
2090
2180
2082
2091
2181
2083
2092
2182
2084
2093
2183
2085
2094
2184
2086
2095
2185
2087
2096
2186
2088
2097
2187
2089
2098
2188
2099
2189
2091
2190
2092
2191
2093
2192
2094
2193
2095
2194
2096
2195
2097
2196
2098
2197
2099
2198
2199
2101
2110
2200
2102
2111
2201
2103
2112
2202
2104
2113
2203
2105
2114
2204
2106
2115
2205
2107
2116
2206
2108
2117
2207
2109
2118
2208
2119
2209
2111
2120
2210
2112
2121
2211
2113
2122
2212
2114
2123
2213
2115
2124
2214
2116
2125
2215
2117
2126
2216
2118
2127
2217
2119
2128
2218
2129
2219
2121
2130
2220
2122
2131
2221
2123
2132
2222
2124
2133
2223
2125
2134
2224
2126
2135
2225
2127
2136
2226
2128
2137
2227
2129
2138
2228
2139
2229
2131
2140
2230
2132
2141
2231
2133
2142
2232
2134
2143
2233
2135
2144
2234
2136
2145
2235
2137
2146
2236
2138
2147
2237
2139
2148
2238
2149
2239
2141
2150
2240
2142
2151
2241
2143
2152
2242
2144
2153
2243
2145
2154
2244
2146
2155
2245
2147
2156
2246
2148
2157
2247
2149
2158
2248
2159
2249
2151
2160
2250
2152
2161
2251
2153
2162
2252
2154
2163
2253
2155
2164
2254
2156
2165
2255
2157
2166
2256
2158
2167
2257
2159
2168
2258
2169
2259
2161
2170
2260
2162
2171
2261
2163
2172
2262
2164
2173
2263
2165
2174
2264
2166
2175
2265
2167
2176
2266
2168
2177
2267
2169
2178
2268
2179
2269
2171
2180
2270
2172
2181
2271
2173
2182
2272
2174
2183
2273
2175
2184
2274
2176
2185
2275
2177
2186
2276
2178
2187
2277
2179
2188
2278
2189
2279
2181
2190
2280
2182
2191
2281
2183
2192
2282
2184
2193
2283
2185
2194
2284
2186
2195
2285
2187
2196
2286
2188
2197
2287
2189
2198
2288
2199
2289
2191
2290
2192
2291
2193
2292
2194
2293
2195
2294
2196
2295
2197
2296
2198
2297
2199
2298
2299
2201
2210
2300
2202
2211
2301
2203
2212
2302
2204
2213
2303
2205
2214
2304
2206
2215
2305
2207
2216
2306
2208
2217
2307
2209
2218
2308
2219
2309
2211
2220
2310
2212
2221
2311
2213
2222
2312
2214
2223
2313
2215
2224
2314
2216
2225
2315
2217
2226
2316
2218
2227
2317
2219
2228
2318
2229
2319
2221
2230
2320
2222
2231
2321
2223
2232
2322
2224
2233
2323
2225
2234
2324
2226
2235
2325
2227
2236
2326
2228
2237
2327
2229
2238
2328
2239
2329
2231
2240
2330
2232
2241
2331
2233
2242
2332
2234
2243
2333
2235
2244
2334
2236
2245
2335
2237
2246
2336
2238
2247
2337
2239
2248
2338
2249
2339
2241
2250
2340
2242
2251
2341
2243
2252
2342
2244
2253
2343
2245
2254
2344
2246
2255
2345
2247
2256
2346
2248
2257
2347
2249
2258
2348
2259
2349
2251
2260
2350
2252
2261
2351
2253
2262
2352
2254
2263
2353
2255
2264
2354
2256
2265
2355
2257
2266
2356
2258
2267
2357
2259
2268
2358
2269
2359
2261
2270
2360
2262
2271
2361
2263
2272
2362
2264
2273
2363
2265
2274
2364
2266
2275
2365
2267
2276
2366
2268
2277
2367
2269
2278
2368
2279
2369
2271
2280
2370
2272
2281
2371
2273
2282
2372
2274
2283
2373
2275
2284
2374
2276
2285
2375
2277
2286
2376
2278
2287
2377
2279
2288
2378
2289
2379
2281
2290
2380
2282
2291
2381
2283
2292
2382
2284
2293
2383
2285
2294
2384
2286
2295
2385
2287
2296
2386
2288
2297
2387
2289
2298
2388
2299
2389
2291
2390
2292
2391
2293
2392
2294
2393
2295
2394
2296
2395
2297
2396
2298
2397
2299
2398
2399
2301
2310
2400
2302
2311
2401
2303
2312
2402
2304
2313
2403
2305
2314
2404
2306
2315
2405
2307
2316
2406
2308
2317
2407
2309
2318
2408
2319
2409
2311
2320
2410
2312
2321
2411
2313
2322
2412
2314
2323
2413
2315
2324
2414
2316
2325
2415
2317
2326
2416
2318
2327
2417
2319
2328
2418
2329
2419
2321
2330
2420
2322
2331
2421
2323
2332
2422
2324
2333
2423
2325
2334
2424
2326
2335
2425
2327
2336
2426
2328
2337
2427
2329
2338
2428
2339
2429
2331
2340
2430
2332
2341
2431
2333
2342
2432
2334
2343
2433
2335
2344
2434
2336
2345
2435
2337
2346
2436
2338
2347
2437
2339
2348
2438
2349
2439
2341
2350
2440
2342
2351
2441
2343
2352
2442
2344
2353
2443
2345
2354
2444
2346
2355
2445
2347
2356
2446
2348
2357
2447
2349
2358
2448
2359
2449
2351
2360
2450
2352
2361
2451
2353
2362
2452
2354
2363
2453
2355
2364
2454
2356
2365
2455
2357
2366
2456
2358
2367
2457
2359
2368
2458
2369
2459
2361
2370
2460
2362
2371
2461
2363
2372
2462
2364
2373
2463
2365
2374
2464
2366
2375
2465
2367
2376
2466
2368
2377
2467
2369
2378
2468
2379
2469
2371
2380
2470
2372
2381
2471
2373
2382
2472
2374
2383
2473
2375
2384
2474
2376
2385
2475
2377
2386
2476
2378
2387
2477
2379
2388
2478
2389
2479
2381
2390
2480
2382
2391
2481
2383
2392
2482
2384
2393
2483
2385
2394
2484
2386
2395
2485
2387
2396
2486
2388
2397
2487
2389
2398
2488
2399
2489
2391
2490
2392
2491
2393
2492
2394
2493
2395
2494
2396
2495
2397
2496
2398
2497
2399
2498
2499
2401
2410
2500
2402
2411
2501
2403
2412
2502
2404
2413
2503
2405
2414
2504
2406
2415
2505
2407
2416
2506
2408
2417
2507
2409
2418
2508
2419
2509
2411
2420
2510
2412
2421
2511
2413
2422
2512
2414
2423
2513
2415
2424
2514
2416
2425
2515
2417
2426
2516
2418
2427
2517
2419
2428
2518
2429
2519
2421
2430
2520
2422
2431
2521
2423
2432
2522
2424
2433
2523
2425
2434
2524
2426
2435
2525
2427
2436
2526
2428
2437
2527
2429
2438
2528
2439
2529
2431
2440
2530
2432
2441
2531
2433
2442
2532
2434
2443
2533
2435
2444
2534
2436
2445
2535
2437
2446
2536
2438
2447
2537
2439
2448
2538
2449
2539
2441
2450
2540
2442
2451
2541
2443
2452
2542
2444
2453
2543
2445
2454
2544
2446
2455
2545
2447
2456
2546
2448
2457
2547
2449
2458
2548
2459
2549
2451
2460
2550
2452
2461
2551
2453
2462
2552
2454
2463
2553
2455
2464
2554
2456
2465
2555
2457
2466
2556
2458
2467
2557
2459
2468
2558
2469
2559
2461
2470
2560
2462
2471
2561
2463
2472
2562
2464
2473
2563
2465
2474
2564
2466
2475
2565
2467
2476
2566
2468
2477
2567
2469
2478
2568
2479
2569
2471
2480
2570
2472
2481
2571
2473
2482
2572
2474
2483
2573
2475
2484
2574
2476
2485
2575
2477
2486
2576
2478
2487
2577
2479
2488
2578
2489
2579
2481
2490
2580
2482
2491
2581
2483
2492
2582
2484
2493
2583
2485
2494
2584
2486
2495
2585
2487
2496
2586
2488
2497
2587
2489
2498
2588
2499
2589
2491
2590
2492
2591
2493
2592
2494
2593
2495
2594
2496
2595
2497
2596
2498
2597
2499
2598
2599
2501
2510
2600
2502
2511
2601
2503
2512
2602
2504
2513
2603
2505
2514
2604
2506
2515
2605
2507
2516
2606
2508
2517
2607
2509
2518
2608
2519
2609
2511
2520
2610
2512
2521
2611
2513
2522
2612
2514
2523
2613
2515
2524
2614
2516
2525
2615
2517
2526
2616
2518
2527
2617
2519
2528
2618
2529
2619
2521
2530
2620
2522
2531
2621
2523
2532
2622
2524
2533
2623
2525
2534
2624
2526
2535
2625
2527
2536
2626
2528
2537
2627
2529
2538
2628
2539
2629
2531
2540
2630
2532
2541
2631
2533
2542
2632
2534
2543
2633
2535
2544
2634
2536
2545
2635
2537
2546
2636
2538
2547
2637
2539
2548
2638
2549
2639
2541
2550
2640
2542
2551
2641
2543
2552
2642
2544
2553
2643
2545
2554
2644
2546
2555
2645
2547
2556
2646
2548
2557
2647
2549
2558
2648
2559
2649
2551
2560
2650
2552
2561
2651
2553
2562
2652
2554
2563
2653
2555
2564
2654
2556
2565
2655
2557
2566
2656
2558
2567
2657
2559
2568
2658
2569
2659
2561
2570
2660
2562
2571
2661
2563
2572
2662
2564
2573
2663
2565
2574
2664
2566
2575
2665
2567
2576
2666
2568
2577
2667
2569
2578
2668
2579
2669
2571
2580
2670
2572
2581
2671
2573
2582
2672
2574
2583
2673
2575
2584
2674
2576
2585
2675
2577
2586
2676
2578
2587
2677
2579
2588
2678
2589
2679
2581
2590
2680
2582
2591
2681
2583
2592
2682
2584
2593
2683
2585
2594
2684
2586
2595
2685
2587
2596
2686
2588
2597
2687
2589
2598
2688
2599
2689
2591
2690
2592
2691
2593
2692
2594
2693
2595
2694
2596
2695
2597
2696
2598
2697
2599
2698
2699
2601
2610
2700
2602
2611
2701
2603
2612
2702
2604
2613
2703
2605
2614
2704
2606
2615
2705
2607
2616
2706
2608
2617
2707
2609
2618
2708
2619
2709
2611
2620
2710
2612
2621
2711
2613
2622
2712
2614
2623
2713
2615
2624
2714
2616
2625
2715
2617
2626
2716
2618
2627
2717
2619
2628
2718
2629
2719
2621
2630
2720
2622
2631
2721
2623
2632
2722
2624
2633
2723
2625
2634
2724
2626
2635
2725
2627
2636
2726
2628
2637
2727
2629
2638
2728
2639
2729
2631
2640
2730
2632
2641
2731
2633
2642
2732
2634
2643
2733
2635
2644
2734
2636
2645
2735
2637
2646
2736
2638
2647
2737
2639
2648
2738
2649
2739
2641
2650
2740
2642
2651
2741
2643
2652
2742
2644
2653
2743
2645
2654
2744
2646
2655
2745
2647
2656
2746
2648
2657
2747
2649
2658
2748
2659
2749
2651
2660
2750
2652
2661
2751
2653
2662
2752
2654
2663
2753
2655
2664
2754
2656
2665
2755
2657
2666
2756
2658
2667
2757
2659
2668
2758
2669
2759
2661
2670
2760
2662
2671
2761
2663
2672
2762
2664
2673
2763
2665
2674
2764
2666
2675
2765
2667
2676
2766
2668
2677
2767
2669
2678
2768
2679
2769
2671
2680
2770
2672
2681
2771
2673
2682
2772
2674
2683
2773
2675
2684
2774
2676
2685
2775
2677
2686
2776
2678
2687
2777
2679
2688
2778
2689
2779
2681
2690
2780
2682
2691
2781
2683
2692
2782
2684
2693
2783
2685
2694
2784
2686
2695
2785
2687
2696
2786
2688
2697
2787
2689
2698
2788
2699
2789
2691
2790
2692
2791
2693
2792
2694
2793
2695
2794
2696
2795
2697
2796
2698
2797
2699
2798
2799
2701
2710
2800
2702
2711
2801
2703
2712
2802
2704
2713
2803
2705
2714
2804
2706
2715
2805
2707
2716
2806
2708
2717
2807
2709
2718
2808
2719
2809
2711
2720
2810
2712
2721
2811
2713
2722
2812
2714
2723
2813
2715
2724
2814
2716
2725
2815
2717
2726
2816
2718
2727
2817
2719
2728
2818
2729
2819
2721
2730
2820
2722
2731
2821
2723
2732
2822
2724
2733
2823
2725
2734
2824
2726
2735
2825
2727
2736
2826
2728
2737
2827
2729
2738
2828
2739
2829
2731
2740
2830
2732
2741
2831
2733
2742
2832
2734
2743
2833
2735
2744
2834
2736
2745
2835
2737
2746
2836
2738
2747
2837
2739
2748
2838
2749
2839
2741
2750
2840
2742
2751
2841
2743
2752
2842
2744
2753
2843
2745
2754
2844
2746
2755
2845
2747
2756
2846
2748
2757
2847
2749
2758
2848
2759
2849
2751
2760
2850
2752
2761
2851
2753
2762
2852
2754
2763
2853
2755
2764
2854
2756
2765
2855
2757
2766
2856
2758
2767
2857
2759
2768
2858
2769
2859
2761
2770
2860
2762
2771
2861
2763
2772
2862
2764
2773
2863
2765
2774
2864
2766
2775
2865
2767
2776
2866
2768
2777
2867
2769
2778
2868
2779
2869
2771
2780
2870
2772
2781
2871
2773
2782
2872
2774
2783
2873
2775
2784
2874
2776
2785
2875
2777
2786
2876
2778
2787
2877
2779
2788
2878
2789
2879
2781
2790
2880
2782
2791
2881
2783
2792
2882
2784
2793
2883
2785
2794
2884
2786
2795
2885
2787
2796
2886
2788
2797
2887
2789
2798
2888
2799
2889
2791
2890
2792
2891
2793
2892
2794
2893
2795
2894
2796
2895
2797
2896
2798
2897
2799
2898
2899
2801
2810
2900
2802
2811
2901
2803
2812
2902
2804
2813
2903
2805
2814
2904
2806
2815
2905
2807
2816
2906
2808
2817
2907
2809
2818
2908
2819
2909
2811
2820
2910
2812
2821
2911
2813
2822
2912
2814
2823
2913
2815
2824
2914
2816
2825
2915
2817
2826
2916
2818
2827
2917
2819
2828
2918
2829
2919
2821
2830
2920
2822
2831
2921
2823
2832
2922
2824
2833
2923
2825
2834
2924
2826
2835
2925
2827
2836
2926
2828
2837
2927
2829
2838
2928
2839
2929
2831
2840
2930
2832
2841
2931
2833
2842
2932
2834
2843
2933
2835
2844
2934
2836
2845
2935
2837
2846
2936
2838
2847
2937
2839
2848
2938
2849
2939
2841
2850
2940
2842
2851
2941
2843
2852
2942
2844
2853
2943
2845
2854
2944
2846
2855
2945
2847
2856
2946
2848
2857
2947
2849
2858
2948
2859
2949
2851
2860
2950
2852
2861
2951
2853
2862
2952
2854
2863
2953
2855
2864
2954
2856
2865
2955
2857
2866
2956
2858
2867
2957
2859
2868
2958
2869
2959
2861
2870
2960
2862
2871
2961
2863
2872
2962
2864
2873
2963
2865
2874
2964
2866
2875
2965
2867
2876
2966
2868
2877
2967
2869
2878
2968
2879
2969
2871
2880
2970
2872
2881
2971
2873
2882
2972
2874
2883
2973
2875
2884
2974
2876
2885
2975
2877
2886
2976
2878
2887
2977
2879
2888
2978
2889
2979
2881
2890
2980
2882
2891
2981
2883
2892
2982
2884
2893
2983
2885
2894
2984
2886
2895
2985
2887
2896
2986
2888
2897
2987
2889
2898
2988
2899
2989
2891
2990
2892
2991
2893
2992
2894
2993
2895
2994
2896
2995
2897
2996
2898
2997
2899
2998
2999
2901
2910
5100
2902
2911
5101
2903
2912
5102
2904
2913
5103
2905
2914
5104
2906
2915
5105
2907
2916
5106
2908
2917
5107
2909
2918
5108
2919
5109
2911
2920
5110
2912
2921
5111
2913
2922
5112
2914
2923
5113
2915
2924
5114
2916
2925
5115
2917
2926
5116
2918
2927
5117
2919
2928
5118
2929
5119
2921
2930
5120
2922
2931
5121
2923
2932
5122
2924
2933
5123
2925
2934
5124
2926
2935
5125
2927
2936
5126
2928
2937
5127
2929
2938
5128
2939
5129
2931
2940
5130
2932
2941
5131
2933
2942
5132
2934
2943
5133
2935
2944
5134
2936
2945
5135
2937
2946
5136
2938
2947
5137
2939
2948
5138
2949
5139
2941
2950
5140
2942
2951
5141
2943
2952
5142
2944
2953
5143
2945
2954
5144
2946
2955
5145
2947
2956
5146
2948
2957
5147
2949
2958
5148
2959
5149
2951
2960
5150
2952
2961
5151
2953
2962
5152
2954
2963
5153
2955
2964
5154
2956
2965
5155
2957
2966
5156
2958
2967
5157
2959
2968
5158
2969
5159
2961
2970
5160
2962
2971
5161
2963
2972
5162
2964
2973
5163
2965
2974
5164
2966
2975
5165
2967
2976
5166
2968
2977
5167
2969
2978
5168
2979
5169
2971
2980
5170
2972
2981
5171
2973
2982
5172
2974
2983
5173
2975
2984
5174
2976
2985
5175
2977
2986
5176
2978
2987
5177
2979
2988
5178
2989
5179
2981
2990
5180
2982
2991
5181
2983
2992
5182
2984
2993
5183
2985
2994
5184
2986
2995
5185
2987
2996
5186
2988
2997
5187
2989
2998
5188
2999
5189
2991
5190
2992
5191
2993
5192
2994
5193
2995
5194
2996
5195
2997
5196
2998
5197
2999
5198
5199
3001
3010
3100
3002
3011
3101
3003
3012
3102
3004
3013
3103
3005
3014
3104
3006
3015
3105
3007
3016
3106
3008
3017
3107
3009
3018
3108
3019
3109
3011
3020
3110
3012
3021
3111
3013
3022
3112
3014
3023
3113
3015
3024
3114
3016
3025
3115
3017
3026
3116
3018
3027
3117
3019
3028
3118
3029
3119
3021
3030
3120
3022
3031
3121
3023
3032
3122
3024
3033
3123
3025
3034
3124
3026
3035
3125
3027
3036
3126
3028
3037
3127
3029
3038
3128
3039
3129
3031
3040
3130
3032
3041
3131
3033
3042
3132
3034
3043
3133
3035
3044
3134
3036
3045
3135
3037
3046
3136
3038
3047
3137
3039
3048
3138
3049
3139
3041
3050
3140
3042
3051
3141
3043
3052
3142
3044
3053
3143
3045
3054
3144
3046
3055
3145
3047
3056
3146
3048
3057
3147
3049
3058
3148
3059
3149
3051
3060
3150
3052
3061
3151
3053
3062
3152
3054
3063
3153
3055
3064
3154
3056
3065
3155
3057
3066
3156
3058
3067
3157
3059
3068
3158
3069
3159
3061
3070
3160
3062
3071
3161
3063
3072
3162
3064
3073
3163
3065
3074
3164
3066
3075
3165
3067
3076
3166
3068
3077
3167
3069
3078
3168
3079
3169
3071
3080
3170
3072
3081
3171
3073
3082
3172
3074
3083
3173
3075
3084
3174
3076
3085
3175
3077
3086
3176
3078
3087
3177
3079
3088
3178
3089
3179
3081
3090
3180
3082
3091
3181
3083
3092
3182
3084
3093
3183
3085
3094
3184
3086
3095
3185
3087
3096
3186
3088
3097
3187
3089
3098
3188
3099
3189
3091
3190
3092
3191
3093
3192
3094
3193
3095
3194
3096
3195
3097
3196
3098
3197
3099
3198
3199
3101
3110
3200
3102
3111
3201
3103
3112
3202
3104
3113
3203
3105
3114
3204
3106
3115
3205
3107
3116
3206
3108
3117
3207
3109
3118
3208
3119
3209
3111
3120
3210
3112
3121
3211
3113
3122
3212
3114
3123
3213
3115
3124
3214
3116
3125
3215
3117
3126
3216
3118
3127
3217
3119
3128
3218
3129
3219
3121
3130
3220
3122
3131
3221
3123
3132
3222
3124
3133
3223
3125
3134
3224
3126
3135
3225
3127
3136
3226
3128
3137
3227
3129
3138
3228
3139
3229
3131
3140
3230
3132
3141
3231
3133
3142
3232
3134
3143
3233
3135
3144
3234
3136
3145
3235
3137
3146
3236
3138
3147
3237
3139
3148
3238
3149
3239
3141
3150
3240
3142
3151
3241
3143
3152
3242
3144
3153
3243
3145
3154
3244
3146
3155
3245
3147
3156
3246
3148
3157
3247
3149
3158
3248
3159
3249
3151
3160
3250
3152
3161
3251
3153
3162
3252
3154
3163
3253
3155
3164
3254
3156
3165
3255
3157
3166
3256
3158
3167
3257
3159
3168
3258
3169
3259
3161
3170
3260
3162
3171
3261
3163
3172
3262
3164
3173
3263
3165
3174
3264
3166
3175
3265
3167
3176
3266
3168
3177
3267
3169
3178
3268
3179
3269
3171
3180
3270
3172
3181
3271
3173
3182
3272
3174
3183
3273
3175
3184
3274
3176
3185
3275
3177
3186
3276
3178
3187
3277
3179
3188
3278
3189
3279
3181
3190
3280
3182
3191
3281
3183
3192
3282
3184
3193
3283
3185
3194
3284
3186
3195
3285
3187
3196
3286
3188
3197
3287
3189
3198
3288
3199
3289
3191
3290
3192
3291
3193
3292
3194
3293
3195
3294
3196
3295
3197
3296
3198
3297
3199
3298
3299
3201
3210
3300
3202
3211
3301
3203
3212
3302
3204
3213
3303
3205
3214
3304
3206
3215
3305
3207
3216
3306
3208
3217
3307
3209
3218
3308
3219
3309
3211
3220
3310
3212
3221
3311
3213
3222
3312
3214
3223
3313
3215
3224
3314
3216
3225
3315
3217
3226
3316
3218
3227
3317
3219
3228
3318
3229
3319
3221
3230
3320
3222
3231
3321
3223
3232
3322
3224
3233
3323
3225
3234
3324
3226
3235
3325
3227
3236
3326
3228
3237
3327
3229
3238
3328
3239
3329
3231
3240
3330
3232
3241
3331
3233
3242
3332
3234
3243
3333
3235
3244
3334
3236
3245
3335
3237
3246
3336
3238
3247
3337
3239
3248
3338
3249
3339
3241
3250
3340
3242
3251
3341
3243
3252
3342
3244
3253
3343
3245
3254
3344
3246
3255
3345
3247
3256
3346
3248
3257
3347
3249
3258
3348
3259
3349
3251
3260
3350
3252
3261
3351
3253
3262
3352
3254
3263
3353
3255
3264
3354
3256
3265
3355
3257
3266
3356
3258
3267
3357
3259
3268
3358
3269
3359
3261
3270
3360
3262
3271
3361
3263
3272
3362
3264
3273
3363
3265
3274
3364
3266
3275
3365
3267
3276
3366
3268
3277
3367
3269
3278
3368
3279
3369
3271
3280
3370
3272
3281
3371
3273
3282
3372
3274
3283
3373
3275
3284
3374
3276
3285
3375
3277
3286
3376
3278
3287
3377
3279
3288
3378
3289
3379
3281
3290
3380
3282
3291
3381
3283
3292
3382
3284
3293
3383
3285
3294
3384
3286
3295
3385
3287
3296
3386
3288
3297
3387
3289
3298
3388
3299
3389
3291
3390
3292
3391
3293
3392
3294
3393
3295
3394
3296
3395
3297
3396
3298
3397
3299
3398
3399
3301
3310
3400
3302
3311
3401
3303
3312
3402
3304
3313
3403
3305
3314
3404
3306
3315
3405
3307
3316
3406
3308
3317
3407
3309
3318
3408
3319
3409
3311
3320
3410
3312
3321
3411
3313
3322
3412
3314
3323
3413
3315
3324
3414
3316
3325
3415
3317
3326
3416
3318
3327
3417
3319
3328
3418
3329
3419
3321
3330
3420
3322
3331
3421
3323
3332
3422
3324
3333
3423
3325
3334
3424
3326
3335
3425
3327
3336
3426
3328
3337
3427
3329
3338
3428
3339
3429
3331
3340
3430
3332
3341
3431
3333
3342
3432
3334
3343
3433
3335
3344
3434
3336
3345
3435
3337
3346
3436
3338
3347
3437
3339
3348
3438
3349
3439
3341
3350
3440
3342
3351
3441
3343
3352
3442
3344
3353
3443
3345
3354
3444
3346
3355
3445
3347
3356
3446
3348
3357
3447
3349
3358
3448
3359
3449
3351
3360
3450
3352
3361
3451
3353
3362
3452
3354
3363
3453
3355
3364
3454
3356
3365
3455
3357
3366
3456
3358
3367
3457
3359
3368
3458
3369
3459
3361
3370
3460
3362
3371
3461
3363
3372
3462
3364
3373
3463
3365
3374
3464
3366
3375
3465
3367
3376
3466
3368
3377
3467
3369
3378
3468
3379
3469
3371
3380
3470
3372
3381
3471
3373
3382
3472
3374
3383
3473
3375
3384
3474
3376
3385
3475
3377
3386
3476
3378
3387
3477
3379
3388
3478
3389
3479
3381
3390
3480
3382
3391
3481
3383
3392
3482
3384
3393
3483
3385
3394
3484
3386
3395
3485
3387
3396
3486
3388
3397
3487
3389
3398
3488
3399
3489
3391
3490
3392
3491
3393
3492
3394
3493
3395
3494
3396
3495
3397
3496
3398
3497
3399
3498
3499
3401
3410
3500
3402
3411
3501
3403
3412
3502
3404
3413
3503
3405
3414
3504
3406
3415
3505
3407
3416
3506
3408
3417
3507
3409
3418
3508
3419
3509
3411
3420
3510
3412
3421
3511
3413
3422
3512
3414
3423
3513
3415
3424
3514
3416
3425
3515
3417
3426
3516
3418
3427
3517
3419
3428
3518
3429
3519
3421
3430
3520
3422
3431
3521
3423
3432
3522
3424
3433
3523
3425
3434
3524
3426
3435
3525
3427
3436
3526
3428
3437
3527
3429
3438
3528
3439
3529
3431
3440
3530
3432
3441
3531
3433
3442
3532
3434
3443
3533
3435
3444
3534
3436
3445
3535
3437
3446
3536
3438
3447
3537
3439
3448
3538
3449
3539
3441
3450
3540
3442
3451
3541
3443
3452
3542
3444
3453
3543
3445
3454
3544
3446
3455
3545
3447
3456
3546
3448
3457
3547
3449
3458
3548
3459
3549
3451
3460
3550
3452
3461
3551
3453
3462
3552
3454
3463
3553
3455
3464
3554
3456
3465
3555
3457
3466
3556
3458
3467
3557
3459
3468
3558
3469
3559
3461
3470
3560
3462
3471
3561
3463
3472
3562
3464
3473
3563
3465
3474
3564
3466
3475
3565
3467
3476
3566
3468
3477
3567
3469
3478
3568
3479
3569
3471
3480
3570
3472
3481
3571
3473
3482
3572
3474
3483
3573
3475
3484
3574
3476
3485
3575
3477
3486
3576
3478
3487
3577
3479
3488
3578
3489
3579
3481
3490
3580
3482
3491
3581
3483
3492
3582
3484
3493
3583
3485
3494
3584
3486
3495
3585
3487
3496
3586
3488
3497
3587
3489
3498
3588
3499
3589
3491
3590
3492
3591
3493
3592
3494
3593
3495
3594
3496
3595
3497
3596
3498
3597
3499
3598
3599
3501
3510
3600
3502
3511
3601
3503
3512
3602
3504
3513
3603
3505
3514
3604
3506
3515
3605
3507
3516
3606
3508
3517
3607
3509
3518
3608
3519
3609
3511
3520
3610
3512
3521
3611
3513
3522
3612
3514
3523
3613
3515
3524
3614
3516
3525
3615
3517
3526
3616
3518
3527
3617
3519
3528
3618
3529
3619
3521
3530
3620
3522
3531
3621
3523
3532
3622
3524
3533
3623
3525
3534
3624
3526
3535
3625
3527
3536
3626
3528
3537
3627
3529
3538
3628
3539
3629
3531
3540
3630
3532
3541
3631
3533
3542
3632
3534
3543
3633
3535
3544
3634
3536
3545
3635
3537
3546
3636
3538
3547
3637
3539
3548
3638
3549
3639
3541
3550
3640
3542
3551
3641
3543
3552
3642
3544
3553
3643
3545
3554
3644
3546
3555
3645
3547
3556
3646
3548
3557
3647
3549
3558
3648
3559
3649
3551
3560
3650
3552
3561
3651
3553
3562
3652
3554
3563
3653
3555
3564
3654
3556
3565
3655
3557
3566
3656
3558
3567
3657
3559
3568
3658
3569
3659
3561
3570
3660
3562
3571
3661
3563
3572
3662
3564
3573
3663
3565
3574
3664
3566
3575
3665
3567
3576
3666
3568
3577
3667
3569
3578
3668
3579
3669
3571
3580
3670
3572
3581
3671
3573
3582
3672
3574
3583
3673
3575
3584
3674
3576
3585
3675
3577
3586
3676
3578
3587
3677
3579
3588
3678
3589
3679
3581
3590
3680
3582
3591
3681
3583
3592
3682
3584
3593
3683
3585
3594
3684
3586
3595
3685
3587
3596
3686
3588
3597
3687
3589
3598
3688
3599
3689
3591
3690
3592
3691
3593
3692
3594
3693
3595
3694
3596
3695
3597
3696
3598
3697
3599
3698
3699
3601
3610
3700
3602
3611
3701
3603
3612
3702
3604
3613
3703
3605
3614
3704
3606
3615
3705
3607
3616
3706
3608
3617
3707
3609
3618
3708
3619
3709
3611
3620
3710
3612
3621
3711
3613
3622
3712
3614
3623
3713
3615
3624
3714
3616
3625
3715
3617
3626
3716
3618
3627
3717
3619
3628
3718
3629
3719
3621
3630
3720
3622
3631
3721
3623
3632
3722
3624
3633
3723
3625
3634
3724
3626
3635
3725
3627
3636
3726
3628
3637
3727
3629
3638
3728
3639
3729
3631
3640
3730
3632
3641
3731
3633
3642
3732
3634
3643
3733
3635
3644
3734
3636
3645
3735
3637
3646
3736
3638
3647
3737
3639
3648
3738
3649
3739
3641
3650
3740
3642
3651
3741
3643
3652
3742
3644
3653
3743
3645
3654
3744
3646
3655
3745
3647
3656
3746
3648
3657
3747
3649
3658
3748
3659
3749
3651
3660
3750
3652
3661
3751
3653
3662
3752
3654
3663
3753
3655
3664
3754
3656
3665
3755
3657
3666
3756
3658
3667
3757
3659
3668
3758
3669
3759
3661
3670
3760
3662
3671
3761
3663
3672
3762
3664
3673
3763
3665
3674
3764
3666
3675
3765
3667
3676
3766
3668
3677
3767
3669
3678
3768
3679
3769
3671
3680
3770
3672
3681
3771
3673
3682
3772
3674
3683
3773
3675
3684
3774
3676
3685
3775
3677
3686
3776
3678
3687
3777
3679
3688
3778
3689
3779
3681
3690
3780
3682
3691
3781
3683
3692
3782
3684
3693
3783
3685
3694
3784
3686
3695
3785
3687
3696
3786
3688
3697
3787
3689
3698
3788
3699
3789
3691
3790
3692
3791
3693
3792
3694
3793
3695
3794
3696
3795
3697
3796
3698
3797
3699
3798
3799
3701
3710
3800
3702
3711
3801
3703
3712
3802
3704
3713
3803
3705
3714
3804
3706
3715
3805
3707
3716
3806
3708
3717
3807
3709
3718
3808
3719
3809
3711
3720
3810
3712
3721
3811
3713
3722
3812
3714
3723
3813
3715
3724
3814
3716
3725
3815
3717
3726
3816
3718
3727
3817
3719
3728
3818
3729
3819
3721
3730
3820
3722
3731
3821
3723
3732
3822
3724
3733
3823
3725
3734
3824
3726
3735
3825
3727
3736
3826
3728
3737
3827
3729
3738
3828
3739
3829
3731
3740
3830
3732
3741
3831
3733
3742
3832
3734
3743
3833
3735
3744
3834
3736
3745
3835
3737
3746
3836
3738
3747
3837
3739
3748
3838
3749
3839
3741
3750
3840
3742
3751
3841
3743
3752
3842
3744
3753
3843
3745
3754
3844
3746
3755
3845
3747
3756
3846
3748
3757
3847
3749
3758
3848
3759
3849
3751
3760
3850
3752
3761
3851
3753
3762
3852
3754
3763
3853
3755
3764
3854
3756
3765
3855
3757
3766
3856
3758
3767
3857
3759
3768
3858
3769
3859
3761
3770
3860
3762
3771
3861
3763
3772
3862
3764
3773
3863
3765
3774
3864
3766
3775
3865
3767
3776
3866
3768
3777
3867
3769
3778
3868
3779
3869
3771
3780
3870
3772
3781
3871
3773
3782
3872
3774
3783
3873
3775
3784
3874
3776
3785
3875
3777
3786
3876
3778
3787
3877
3779
3788
3878
3789
3879
3781
3790
3880
3782
3791
3881
3783
3792
3882
3784
3793
3883
3785
3794
3884
3786
3795
3885
3787
3796
3886
3788
3797
3887
3789
3798
3888
3799
3889
3791
3890
3792
3891
3793
3892
3794
3893
3795
3894
3796
3895
3797
3896
3798
3897
3799
3898
3899
3801
3810
3900
3802
3811
3901
3803
3812
3902
3804
3813
3903
3805
3814
3904
3806
3815
3905
3807
3816
3906
3808
3817
3907
3809
3818
3908
3819
3909
3811
3820
3910
3812
3821
3911
3813
3822
3912
3814
3823
3913
3815
3824
3914
3816
3825
3915
3817
3826
3916
3818
3827
3917
3819
3828
3918
3829
3919
3821
3830
3920
3822
3831
3921
3823
3832
3922
3824
3833
3923
3825
3834
3924
3826
3835
3925
3827
3836
3926
3828
3837
3927
3829
3838
3928
3839
3929
3831
3840
3930
3832
3841
3931
3833
3842
3932
3834
3843
3933
3835
3844
3934
3836
3845
3935
3837
3846
3936
3838
3847
3937
3839
3848
3938
3849
3939
3841
3850
3940
3842
3851
3941
3843
3852
3942
3844
3853
3943
3845
3854
3944
3846
3855
3945
3847
3856
3946
3848
3857
3947
3849
3858
3948
3859
3949
3851
3860
3950
3852
3861
3951
3853
3862
3952
3854
3863
3953
3855
3864
3954
3856
3865
3955
3857
3866
3956
3858
3867
3957
3859
3868
3958
3869
3959
3861
3870
3960
3862
3871
3961
3863
3872
3962
3864
3873
3963
3865
3874
3964
3866
3875
3965
3867
3876
3966
3868
3877
3967
3869
3878
3968
3879
3969
3871
3880
3970
3872
3881
3971
3873
3882
3972
3874
3883
3973
3875
3884
3974
3876
3885
3975
3877
3886
3976
3878
3887
3977
3879
3888
3978
3889
3979
3881
3890
3980
3882
3891
3981
3883
3892
3982
3884
3893
3983
3885
3894
3984
3886
3895
3985
3887
3896
3986
3888
3897
3987
3889
3898
3988
3899
3989
3891
3990
3892
3991
3893
3992
3894
3993
3895
3994
3896
3995
3897
3996
3898
3997
3899
3998
3999
3901
3910
3902
3911
3903
3912
3904
3913
3905
3914
3906
3915
3907
3916
3908
3917
3909
3918
3919
3911
3920
3912
3921
3913
3922
3914
3923
3915
3924
3916
3925
3917
3926
3918
3927
3919
3928
3929
3921
3930
3922
3931
3923
3932
3924
3933
3925
3934
3926
3935
3927
3936
3928
3937
3929
3938
3939
3931
3940
3932
3941
3933
3942
3934
3943
3935
3944
3936
3945
3937
3946
3938
3947
3939
3948
3949
3941
3950
3942
3951
3943
3952
3944
3953
3945
3954
3946
3955
3947
3956
3948
3957
3949
3958
3959
3951
3960
3952
3961
3953
3962
3954
3963
3955
3964
3956
3965
3957
3966
3958
3967
3959
3968
3969
3961
3970
3962
3971
3963
3972
3964
3973
3965
3974
3966
3975
3967
3976
3968
3977
3969
3978
3979
3971
3980
3972
3981
3973
3982
3974
3983
3975
3984
3976
3985
3977
3986
3978
3987
3979
3988
3989
3981
3990
3982
3991
3983
3992
3984
3993
3985
3994
3986
3995
3987
3996
3988
3997
3989
3998
3999
3991
3992
3993
3994
3995
3996
3997
3998
3999
4001
4005
4050
4002
4006
4051
4003
4007
4052
4004
4008
4053
4009
4054
4006
4010
4055
4007
4011
4056
4008
4012
4057
4009
4013
4058
4014
4059
4011
4015
4060
4012
4016
4061
4013
4017
4062
4014
4018
4063
4019
4064
4016
4020
4065
4017
4021
4066
4018
4022
4067
4019
4023
4068
4024
4069
4021
4025
4070
4022
4026
4071
4023
4027
4072
4024
4028
4073
4029
4074
4026
4030
4075
4027
4031
4076
4028
4032
4077
4029
4033
4078
4034
4079
4031
4035
4080
4032
4036
4081
4033
4037
4082
4034
4038
4083
4039
4084
4036
4040
4085
4037
4041
4086
4038
4042
4087
4039
4043
4088
4044
4089
4041
4045
4090
4042
4046
4091
4043
4047
4092
4044
4048
4093
4049
4094
4046
4095
4047
4096
4048
4097
4049
4098
4099
4051
4055
4100
4052
4056
4101
4053
4057
4102
4054
4058
4103
4059
4104
4056
4060
4105
4057
4061
4106
4058
4062
4107
4059
4063
4108
4064
4109
4061
4065
4110
4062
4066
4111
4063
4067
4112
4064
4068
4113
4069
4114
4066
4070
4115
4067
4071
4116
4068
4072
4117
4069
4073
4118
4074
4119
4071
4075
4120
4072
4076
4121
4073
4077
4122
4074
4078
4123
4079
4124
4076
4080
4125
4077
4081
4126
4078
4082
4127
4079
4083
4128
4084
4129
4081
4085
4130
4082
4086
4131
4083
4087
4132
4084
4088
4133
4089
4134
4086
4090
4135
4087
4091
4136
4088
4092
4137
4089
4093
4138
4094
4139
4091
4095
4140
4092
4096
4141
4093
4097
4142
4094
4098
4143
4099
4144
4096
4145
4097
4146
4098
4147
4099
4148
4149
4101
4105
4150
4102
4106
4151
4103
4107
4152
4104
4108
4153
4109
4154
4106
4110
4155
4107
4111
4156
4108
4112
4157
4109
4113
4158
4114
4159
4111
4115
4160
4112
4116
4161
4113
4117
4162
4114
4118
4163
4119
4164
4116
4120
4165
4117
4121
4166
4118
4122
4167
4119
4123
4168
4124
4169
4121
4125
4170
4122
4126
4171
4123
4127
4172
4124
4128
4173
4129
4174
4126
4130
4175
4127
4131
4176
4128
4132
4177
4129
4133
4178
4134
4179
4131
4135
4180
4132
4136
4181
4133
4137
4182
4134
4138
4183
4139
4184
4136
4140
4185
4137
4141
4186
4138
4142
4187
4139
4143
4188
4144
4189
4141
4145
4190
4142
4146
4191
4143
4147
4192
4144
4148
4193
4149
4194
4146
4195
4147
4196
4148
4197
4149
4198
4199
4151
4155
4200
4152
4156
4201
4153
4157
4202
4154
4158
4203
4159
4204
4156
4160
4205
4157
4161
4206
4158
4162
4207
4159
4163
4208
4164
4209
4161
4165
4210
4162
4166
4211
4163
4167
4212
4164
4168
4213
4169
4214
4166
4170
4215
4167
4171
4216
4168
4172
4217
4169
4173
4218
4174
4219
4171
4175
4220
4172
4176
4221
4173
4177
4222
4174
4178
4223
4179
4224
4176
4180
4225
4177
4181
4226
4178
4182
4227
4179
4183
4228
4184
4229
4181
4185
4230
4182
4186
4231
4183
4187
4232
4184
4188
4233
4189
4234
4186
4190
4235
4187
4191
4236
4188
4192
4237
4189
4193
4238
4194
4239
4191
4195
4240
4192
4196
4241
4193
4197
4242
4194
4198
4243
4199
4244
4196
4245
4197
4246
4198
4247
4199
4248
4249
4201
4205
4250
4202
4206
4251
4203
4207
4252
4204
4208
4253
4209
4254
4206
4210
4255
4207
4211
4256
4208
4212
4257
4209
4213
4258
4214
4259
4211
4215
4260
4212
4216
4261
4213
4217
4262
4214
4218
4263
4219
4264
4216
4220
4265
4217
4221
4266
4218
4222
4267
4219
4223
4268
4224
4269
4221
4225
4270
4222
4226
4271
4223
4227
4272
4224
4228
4273
4229
4274
4226
4230
4275
4227
4231
4276
4228
4232
4277
4229
4233
4278
4234
4279
4231
4235
4280
4232
4236
4281
4233
4237
4282
4234
4238
4283
4239
4284
4236
4240
4285
4237
4241
4286
4238
4242
4287
4239
4243
4288
4244
4289
4241
4245
4290
4242
4246
4291
4243
4247
4292
4244
4248
4293
4249
4294
4246
4295
4247
4296
4248
4297
4249
4298
4299
4251
4255
4300
4252
4256
4301
4253
4257
4302
4254
4258
4303
4259
4304
4256
4260
4305
4257
4261
4306
4258
4262
4307
4259
4263
4308
4264
4309
4261
4265
4310
4262
4266
4311
4263
4267
4312
4264
4268
4313
4269
4314
4266
4270
4315
4267
4271
4316
4268
4272
4317
4269
4273
4318
4274
4319
4271
4275
4320
4272
4276
4321
4273
4277
4322
4274
4278
4323
4279
4324
4276
4280
4325
4277
4281
4326
4278
4282
4327
4279
4283
4328
4284
4329
4281
4285
4330
4282
4286
4331
4283
4287
4332
4284
4288
4333
4289
4334
4286
4290
4335
4287
4291
4336
4288
4292
4337
4289
4293
4338
4294
4339
4291
4295
4340
4292
4296
4341
4293
4297
4342
4294
4298
4343
4299
4344
4296
4345
4297
4346
4298
4347
4299
4348
4349
4301
4305
4350
4302
4306
4351
4303
4307
4352
4304
4308
4353
4309
4354
4306
4310
4355
4307
4311
4356
4308
4312
4357
4309
4313
4358
4314
4359
4311
4315
4360
4312
4316
4361
4313
4317
4362
4314
4318
4363
4319
4364
4316
4320
4365
4317
4321
4366
4318
4322
4367
4319
4323
4368
4324
4369
4321
4325
4370
4322
4326
4371
4323
4327
4372
4324
4328
4373
4329
4374
4326
4330
4375
4327
4331
4376
4328
4332
4377
4329
4333
4378
4334
4379
4331
4335
4380
4332
4336
4381
4333
4337
4382
4334
4338
4383
4339
4384
4336
4340
4385
4337
4341
4386
4338
4342
4387
4339
4343
4388
4344
4389
4341
4345
4390
4342
4346
4391
4343
4347
4392
4344
4348
4393
4349
4394
4346
4395
4347
4396
4348
4397
4349
4398
4399
4351
4355
4400
4352
4356
4401
4353
4357
4402
4354
4358
4403
4359
4404
4356
4360
4405
4357
4361
4406
4358
4362
4407
4359
4363
4408
4364
4409
4361
4365
4410
4362
4366
4411
4363
4367
4412
4364
4368
4413
4369
4414
4366
4370
4415
4367
4371
4416
4368
4372
4417
4369
4373
4418
4374
4419
4371
4375
4420
4372
4376
4421
4373
4377
4422
4374
4378
4423
4379
4424
4376
4380
4425
4377
4381
4426
4378
4382
4427
4379
4383
4428
4384
4429
4381
4385
4430
4382
4386
4431
4383
4387
4432
4384
4388
4433
4389
4434
4386
4390
4435
4387
4391
4436
4388
4392
4437
4389
4393
4438
4394
4439
4391
4395
4440
4392
4396
4441
4393
4397
4442
4394
4398
4443
4399
4444
4396
4445
4397
4446
4398
4447
4399
4448
4449
4401
4405
4450
4402
4406
4451
4403
4407
4452
4404
4408
4453
4409
4454
4406
4410
4455
4407
4411
4456
4408
4412
4457
4409
4413
4458
4414
4459
4411
4415
4460
4412
4416
4461
4413
4417
4462
4414
4418
4463
4419
4464
4416
4420
4465
4417
4421
4466
4418
4422
4467
4419
4423
4468
4424
4469
4421
4425
4470
4422
4426
4471
4423
4427
4472
4424
4428
4473
4429
4474
4426
4430
4475
4427
4431
4476
4428
4432
4477
4429
4433
4478
4434
4479
4431
4435
4480
4432
4436
4481
4433
4437
4482
4434
4438
4483
4439
4484
4436
4440
4485
4437
4441
4486
4438
4442
4487
4439
4443
4488
4444
4489
4441
4445
4490
4442
4446
4491
4443
4447
4492
4444
4448
4493
4449
4494
4446
4495
4447
4496
4448
4497
4449
4498
4499
4451
4455
5200
4452
4456
5201
4453
4457
5202
4454
4458
5203
4459
5204
4456
4460
5205
4457
4461
5206
4458
4462
5207
4459
4463
5208
4464
5209
4461
4465
5210
4462
4466
5211
4463
4467
5212
4464
4468
5213
4469
5214
4466
4470
5215
4467
4471
5216
4468
4472
5217
4469
4473
5218
4474
5219
4471
4475
5220
4472
4476
5221
4473
4477
5222
4474
4478
5223
4479
5224
4476
4480
5225
4477
4481
5226
4478
4482
5227
4479
4483
5228
4484
5229
4481
4485
5230
4482
4486
5231
4483
4487
5232
4484
4488
5233
4489
5234
4486
4490
5235
4487
4491
5236
4488
4492
5237
4489
4493
5238
4494
5239
4491
4495
5240
4492
4496
5241
4493
4497
5242
4494
4498
5243
4499
5244
4496
5245
4497
5246
4498
5247
4499
5248
5249
4501
4510
4540
4502
4511
4541
4503
4512
4542
4504
4513
4543
4505
4514
4544
4506
4515
4545
4507
4516
4546
4508
4517
4547
4509
4518
4548
4519
4549
4511
4520
4550
4512
4521
4551
4513
4522
4552
4514
4523
4553
4515
4524
4554
4516
4525
4555
4517
4526
4556
4518
4527
4557
4519
4528
4558
4529
4559
4521
4530
4560
4522
4531
4561
4523
4532
4562
4524
4533
4563
4525
4534
4564
4526
4535
4565
4527
4536
4566
4528
4537
4567
4529
4538
4568
4539
4569
4531
4570
4532
4571
4533
4572
4534
4573
4535
4574
4536
4575
4537
4576
4538
4577
4539
4578
4579
4541
4550
4580
4542
4551
4581
4543
4552
4582
4544
4553
4583
4545
4554
4584
4546
4555
4585
4547
4556
4586
4548
4557
4587
4549
4558
4588
4559
4589
4551
4560
4590
4552
4561
4591
4553
4562
4592
4554
4563
4593
4555
4564
4594
4556
4565
4595
4557
4566
4596
4558
4567
4597
4559
4568
4598
4569
4599
4561
4570
4600
4562
4571
4601
4563
4572
4602
4564
4573
4603
4565
4574
4604
4566
4575
4605
4567
4576
4606
4568
4577
4607
4569
4578
4608
4579
4609
4571
4610
4572
4611
4573
4612
4574
4613
4575
4614
4576
4615
4577
4616
4578
4617
4579
4618
4619
4581
4590
4620
4582
4591
4621
4583
4592
4622
4584
4593
4623
4585
4594
4624
4586
4595
4625
4587
4596
4626
4588
4597
4627
4589
4598
4628
4599
4629
4591
4600
4630
4592
4601
4631
4593
4602
4632
4594
4603
4633
4595
4604
4634
4596
4605
4635
4597
4606
4636
4598
4607
4637
4599
4608
4638
4609
4639
4601
4610
4640
4602
4611
4641
4603
4612
4642
4604
4613
4643
4605
4614
4644
4606
4615
4645
4607
4616
4646
4608
4617
4647
4609
4618
4648
4619
4649
4611
4650
4612
4651
4613
4652
4614
4653
4615
4654
4616
4655
4617
4656
4618
4657
4619
4658
4659
4621
4630
4660
4622
4631
4661
4623
4632
4662
4624
4633
4663
4625
4634
4664
4626
4635
4665
4627
4636
4666
4628
4637
4667
4629
4638
4668
4639
4669
4631
4640
4670
4632
4641
4671
4633
4642
4672
4634
4643
4673
4635
4644
4674
4636
4645
4675
4637
4646
4676
4638
4647
4677
4639
4648
4678
4649
4679
4641
4650
4680
4642
4651
4681
4643
4652
4682
4644
4653
4683
4645
4654
4684
4646
4655
4685
4647
4656
4686
4648
4657
4687
4649
4658
4688
4659
4689
4651
4690
4652
4691
4653
4692
4654
4693
4655
4694
4656
4695
4657
4696
4658
4697
4659
4698
4699
4661
4670
4700
4662
4671
4701
4663
4672
4702
4664
4673
4703
4665
4674
4704
4666
4675
4705
4667
4676
4706
4668
4677
4707
4669
4678
4708
4679
4709
4671
4680
4710
4672
4681
4711
4673
4682
4712
4674
4683
4713
4675
4684
4714
4676
4685
4715
4677
4686
4716
4678
4687
4717
4679
4688
4718
4689
4719
4681
4690
4720
4682
4691
4721
4683
4692
4722
4684
4693
4723
4685
4694
4724
4686
4695
4725
4687
4696
4726
4688
4697
4727
4689
4698
4728
4699
4729
4691
4730
4692
4731
4693
4732
4694
4733
4695
4734
4696
4735
4697
4736
4698
4737
4699
4738
4739
4701
4710
4740
4702
4711
4741
4703
4712
4742
4704
4713
4743
4705
4714
4744
4706
4715
4745
4707
4716
4746
4708
4717
4747
4709
4718
4748
4719
4749
4711
4720
4750
4712
4721
4751
4713
4722
4752
4714
4723
4753
4715
4724
4754
4716
4725
4755
4717
4726
4756
4718
4727
4757
4719
4728
4758
4729
4759
4721
4730
4760
4722
4731
4761
4723
4732
4762
4724
4733
4763
4725
4734
4764
4726
4735
4765
4727
4736
4766
4728
4737
4767
4729
4738
4768
4739
4769
4731
4770
4732
4771
4733
4772
4734
4773
4735
4774
4736
4775
4737
4776
4738
4777
4739
4778
4779
4741
4750
4780
4742
4751
4781
4743
4752
4782
4744
4753
4783
4745
4754
4784
4746
4755
4785
4747
4756
4786
4748
4757
4787
4749
4758
4788
4759
4789
4751
4760
4790
4752
4761
4791
4753
4762
4792
4754
4763
4793
4755
4764
4794
4756
4765
4795
4757
4766
4796
4758
4767
4797
4759
4768
4798
4769
4799
4761
4770
4800
4762
4771
4801
4763
4772
4802
4764
4773
4803
4765
4774
4804
4766
4775
4805
4767
4776
4806
4768
4777
4807
4769
4778
4808
4779
4809
4771
4810
4772
4811
4773
4812
4774
4813
4775
4814
4776
4815
4777
4816
4778
4817
4779
4818
4819
4781
4790
4820
4782
4791
4821
4783
4792
4822
4784
4793
4823
4785
4794
4824
4786
4795
4825
4787
4796
4826
4788
4797
4827
4789
4798
4828
4799
4829
4791
4800
4830
4792
4801
4831
4793
4802
4832
4794
4803
4833
4795
4804
4834
4796
4805
4835
4797
4806
4836
4798
4807
4837
4799
4808
4838
4809
4839
4801
4810
4840
4802
4811
4841
4803
4812
4842
4804
4813
4843
4805
4814
4844
4806
4815
4845
4807
4816
4846
4808
4817
4847
4809
4818
4848
4819
4849
4811
4850
4812
4851
4813
4852
4814
4853
4815
4854
4816
4855
4817
4856
4818
4857
4819
4858
4859
4821
4830
4860
4822
4831
4861
4823
4832
4862
4824
4833
4863
4825
4834
4864
4826
4835
4865
4827
4836
4866
4828
4837
4867
4829
4838
4868
4839
4869
4831
4840
4870
4832
4841
4871
4833
4842
4872
4834
4843
4873
4835
4844
4874
4836
4845
4875
4837
4846
4876
4838
4847
4877
4839
4848
4878
4849
4879
4841
4850
4880
4842
4851
4881
4843
4852
4882
4844
4853
4883
4845
4854
4884
4846
4855
4885
4847
4856
4886
4848
4857
4887
4849
4858
4888
4859
4889
4851
4890
4852
4891
4853
4892
4854
4893
4855
4894
4856
4895
4857
4896
4858
4897
4859
4898
4899
4861
4870
5250
4862
4871
5251
4863
4872
5252
4864
4873
5253
4865
4874
5254
4866
4875
5255
4867
4876
5256
4868
4877
5257
4869
4878
5258
4879
5259
4871
4880
5260
4872
4881
5261
4873
4882
5262
4874
4883
5263
4875
4884
5264
4876
4885
5265
4877
4886
5266
4878
4887
5267
4879
4888
5268
4889
5269
4881
4890
5270
4882
4891
5271
4883
4892
5272
4884
4893
5273
4885
4894
5274
4886
4895
5275
4887
4896
5276
4888
4897
5277
4889
4898
5278
4899
5279
4891
5280
4892
5281
4893
5282
4894
5283
4895
5284
4896
5285
4897
5286
4898
5287
4899
5288
5289
4901
4910
5190
4902
4911
5191
4903
4912
5192
4904
4913
5193
4905
4914
5194
4906
4915
5195
4907
4916
5196
4908
4917
5197
4909
4918
5198
4919
5199
5200
4911
4920
4912
4921
4913
4922
4914
4923
4915
4924
4916
4925
4917
4926
4918
4927
4919
4928
4929
5205
4921
4930
4922
4931
4923
4932
4924
4933
4925
4934
4926
4935
4927
4936
4928
4937
4929
4938
4939
5210
4931
4940
4932
4941
4933
4942
4934
4943
4935
4944
4936
4945
4937
4946
4938
4947
4939
4948
4949
5215
4941
4950
4942
4951
4943
4952
4944
4953
4945
4954
4946
4955
4947
4956
4948
4957
4949
4958
4959
5220
4951
4960
4952
4961
4953
4962
4954
4963
4955
4964
4956
4965
4957
4966
4958
4967
4959
4968
4969
5225
4961
4970
4962
4971
4963
4972
4964
4973
4965
4974
4966
4975
4967
4976
4968
4977
4969
4978
4979
5230
4971
4980
4972
4981
4973
4982
4974
4983
4975
4984
4976
4985
4977
4986
4978
4987
4979
4988
4989
5235
4981
4990
4982
4991
4983
4992
4984
4993
4985
4994
4986
4995
4987
4996
4988
4997
4989
4998
4999
5240
4991
4992
4993
4994
4995
4996
4997
4998
4999
5245
5001
5010
5204
5002
5011
5003
5012
5004
5013
5005
5014
5006
5015
5007
5016
5008
5017
5009
5018
5019
5011
5020
5209
5012
5021
5013
5022
5014
5023
5015
5024
5016
5025
5017
5026
5018
5027
5019
5028
5029
5021
5030
5214
5022
5031
5023
5032
5024
5033
5025
5034
5026
5035
5027
5036
5028
5037
5029
5038
5039
5031
5040
5219
5032
5041
5033
5042
5034
5043
5035
5044
5036
5045
5037
5046
5038
5047
5039
5048
5049
5041
5050
5224
5042
5051
5043
5052
5044
5053
5045
5054
5046
5055
5047
5056
5048
5057
5049
5058
5059
5051
5060
5229
5052
5061
5053
5062
5054
5063
5055
5064
5056
5065
5057
5066
5058
5067
5059
5068
5069
5061
5070
5234
5062
5071
5063
5072
5064
5073
5065
5074
5066
5075
5067
5076
5068
5077
5069
5078
5079
5071
5080
5239
5072
5081
5073
5082
5074
5083
5075
5084
5076
5085
5077
5086
5078
5087
5079
5088
5089
5081
5090
5244
5082
5091
5083
5092
5084
5093
5085
5094
5086
5095
5087
5096
5088
5097
5089
5098
5099
5091
5249
5250
5092
5251
5093
5252
5094
5253
5095
5254
5096
5255
5097
5256
5098
5257
5099
5258
5259
5101
5110
5102
5111
5103
5112
5104
5113
5105
5114
5106
5115
5107
5116
5108
5117
5109
5118
5119
5111
5120
5112
5121
5113
5122
5114
5123
5115
5124
5116
5125
5117
5126
5118
5127
5119
5128
5129
5121
5130
5122
5131
5123
5132
5124
5133
5125
5134
5126
5135
5127
5136
5128
5137
5129
5138
5139
5131
5140
5132
5141
5133
5142
5134
5143
5135
5144
5136
5145
5137
5146
5138
5147
5139
5148
5149
5141
5150
5142
5151
5143
5152
5144
5153
5145
5154
5146
5155
5147
5156
5148
5157
5149
5158
5159
5151
5160
5152
5161
5153
5162
5154
5163
5155
5164
5156
5165
5157
5166
5158
5167
5159
5168
5169
5161
5170
5162
5171
5163
5172
5164
5173
5165
5174
5166
5175
5167
5176
5168
5177
5169
5178
5179
5171
5180
5172
5181
5173
5182
5174
5183
5175
5184
5176
5185
5177
5186
5178
5187
5179
5188
5189
5181
5190
5182
5191
5183
5192
5184
5193
5185
5194
5186
5195
5187
5196
5188
5197
5189
5198
5199
5191
5192
5193
5194
5195
5196
5197
5198
5199
5201
5205
5202
5206
5203
5207
5204
5208
5209
5206
5210
5207
5211
5208
5212
5209
5213
5214
5211
5215
5212
5216
5213
5217
5214
5218
5219
5216
5220
5217
5221
5218
5222
5219
5223
5224
5221
5225
5222
5226
5223
5227
5224
5228
5229
5226
5230
5227
5231
5228
5232
5229
5233
5234
5231
5235
5232
5236
5233
5237
5234
5238
5239
5236
5240
5237
5241
5238
5242
5239
5243
5244
5241
5245
5242
5246
5243
5247
5244
5248
5249
5246
5247
5248
5249
5251
5260
5252
5261
5253
5262
5254
5263
5255
5264
5256
5265
5257
5266
5258
5267
5259
5268
5269
5261
5270
5262
5271
5263
5272
5264
5273
5265
5274
5266
5275
5267
5276
5268
5277
5269
5278
5279
5271
5280
5272
5281
5273
5282
5274
5283
5275
5284
5276
5285
5277
5286
5278
5287
5279
5288
5289
5281
5282
5283
5284
5285
5286
5287
5288
5289
)


// ************************************************************************* //
