/*--------------------------------*- C++ -*----------------------------------*\
  =========                 |
  \\      /  F ield         | OpenFOAM: The Open Source CFD Toolbox
   \\    /   O peration     | Website:  https://openfoam.org
    \\  /    A nd           | Version:  7
     \\/     M anipulation  |
\*---------------------------------------------------------------------------*/
FoamFile
{
    version     2.0;
    format      ascii;
    class       vectorField;
    location    "constant/polyMesh";
    object      points;
}
// * * * * * * * * * * * * * * * * * * * * * * * * * * * * * * * * * * * * * //


6490
(
(0 0 0)
(0.05 0 0)
(0.1 0 0)
(0.15 0 0)
(0.2 0 0)
(0.25 0 0)
(0.3 0 0)
(0.35 0 0)
(0.4 0 0)
(0.45 0 0)
(0.5 0 0)
(0 0.1 0)
(0.05 0.1 0)
(0.1 0.1 0)
(0.15 0.1 0)
(0.2 0.1 0)
(0.25 0.1 0)
(0.3 0.1 0)
(0.35 0.1 0)
(0.4 0.1 0)
(0.45 0.1 0)
(0.5 0.1 0)
(0 0.2 0)
(0.05 0.2 0)
(0.1 0.2 0)
(0.15 0.2 0)
(0.2 0.2 0)
(0.25 0.2 0)
(0.3 0.2 0)
(0.35 0.2 0)
(0.4 0.2 0)
(0.45 0.2 0)
(0.5 0.2 0)
(0 0.3 0)
(0.05 0.3 0)
(0.1 0.3 0)
(0.15 0.3 0)
(0.2 0.3 0)
(0.25 0.3 0)
(0.3 0.3 0)
(0.35 0.3 0)
(0.4 0.3 0)
(0.45 0.3 0)
(0.5 0.3 0)
(0 0.4 0)
(0.05 0.4 0)
(0.1 0.4 0)
(0.15 0.4 0)
(0.2 0.4 0)
(0.25 0.4 0)
(0.3 0.4 0)
(0.35 0.4 0)
(0.4 0.4 0)
(0.45 0.4 0)
(0.5 0.4 0)
(0 0.5 0)
(0.05 0.5 0)
(0.1 0.5 0)
(0.15 0.5 0)
(0.2 0.5 0)
(0.25 0.5 0)
(0.3 0.5 0)
(0.35 0.5 0)
(0.4 0.5 0)
(0.45 0.5 0)
(0.5 0.5 0)
(0 0.6 0)
(0.05 0.6 0)
(0.1 0.6 0)
(0.15 0.6 0)
(0.2 0.6 0)
(0.25 0.6 0)
(0.3 0.6 0)
(0.35 0.6 0)
(0.4 0.6 0)
(0.45 0.6 0)
(0.5 0.6 0)
(0 0.7 0)
(0.05 0.7 0)
(0.1 0.7 0)
(0.15 0.7 0)
(0.2 0.7 0)
(0.25 0.7 0)
(0.3 0.7 0)
(0.35 0.7 0)
(0.4 0.7 0)
(0.45 0.7 0)
(0.5 0.7 0)
(0 0.8 0)
(0.05 0.8 0)
(0.1 0.8 0)
(0.15 0.8 0)
(0.2 0.8 0)
(0.25 0.8 0)
(0.3 0.8 0)
(0.35 0.8 0)
(0.4 0.8 0)
(0.45 0.8 0)
(0.5 0.8 0)
(0 0.9 0)
(0.05 0.9 0)
(0.1 0.9 0)
(0.15 0.9 0)
(0.2 0.9 0)
(0.25 0.9 0)
(0.3 0.9 0)
(0.35 0.9 0)
(0.4 0.9 0)
(0.45 0.9 0)
(0.5 0.9 0)
(0 1 0)
(0.05 1 0)
(0.1 1 0)
(0.15 1 0)
(0.2 1 0)
(0.25 1 0)
(0.3 1 0)
(0.35 1 0)
(0.4 1 0)
(0.45 1 0)
(0.5 1 0)
(0 0 0.05)
(0.05 0 0.05)
(0.1 0 0.05)
(0.15 0 0.05)
(0.2 0 0.05)
(0.25 0 0.05)
(0.3 0 0.05)
(0.35 0 0.05)
(0.4 0 0.05)
(0.45 0 0.05)
(0.5 0 0.05)
(0 0.1 0.05)
(0.05 0.1 0.05)
(0.1 0.1 0.05)
(0.15 0.1 0.05)
(0.2 0.1 0.05)
(0.25 0.1 0.05)
(0.3 0.1 0.05)
(0.35 0.1 0.05)
(0.4 0.1 0.05)
(0.45 0.1 0.05)
(0.5 0.1 0.05)
(0 0.2 0.05)
(0.05 0.2 0.05)
(0.1 0.2 0.05)
(0.15 0.2 0.05)
(0.2 0.2 0.05)
(0.25 0.2 0.05)
(0.3 0.2 0.05)
(0.35 0.2 0.05)
(0.4 0.2 0.05)
(0.45 0.2 0.05)
(0.5 0.2 0.05)
(0 0.3 0.05)
(0.05 0.3 0.05)
(0.1 0.3 0.05)
(0.15 0.3 0.05)
(0.2 0.3 0.05)
(0.25 0.3 0.05)
(0.3 0.3 0.05)
(0.35 0.3 0.05)
(0.4 0.3 0.05)
(0.45 0.3 0.05)
(0.5 0.3 0.05)
(0 0.4 0.05)
(0.05 0.4 0.05)
(0.1 0.4 0.05)
(0.15 0.4 0.05)
(0.2 0.4 0.05)
(0.25 0.4 0.05)
(0.3 0.4 0.05)
(0.35 0.4 0.05)
(0.4 0.4 0.05)
(0.45 0.4 0.05)
(0.5 0.4 0.05)
(0 0.5 0.05)
(0.05 0.5 0.05)
(0.1 0.5 0.05)
(0.15 0.5 0.05)
(0.2 0.5 0.05)
(0.25 0.5 0.05)
(0.3 0.5 0.05)
(0.35 0.5 0.05)
(0.4 0.5 0.05)
(0.45 0.5 0.05)
(0.5 0.5 0.05)
(0 0.6 0.05)
(0.05 0.6 0.05)
(0.1 0.6 0.05)
(0.15 0.6 0.05)
(0.2 0.6 0.05)
(0.25 0.6 0.05)
(0.3 0.6 0.05)
(0.35 0.6 0.05)
(0.4 0.6 0.05)
(0.45 0.6 0.05)
(0.5 0.6 0.05)
(0 0.7 0.05)
(0.05 0.7 0.05)
(0.1 0.7 0.05)
(0.15 0.7 0.05)
(0.2 0.7 0.05)
(0.25 0.7 0.05)
(0.3 0.7 0.05)
(0.35 0.7 0.05)
(0.4 0.7 0.05)
(0.45 0.7 0.05)
(0.5 0.7 0.05)
(0 0.8 0.05)
(0.05 0.8 0.05)
(0.1 0.8 0.05)
(0.15 0.8 0.05)
(0.2 0.8 0.05)
(0.25 0.8 0.05)
(0.3 0.8 0.05)
(0.35 0.8 0.05)
(0.4 0.8 0.05)
(0.45 0.8 0.05)
(0.5 0.8 0.05)
(0 0.9 0.05)
(0.05 0.9 0.05)
(0.1 0.9 0.05)
(0.15 0.9 0.05)
(0.2 0.9 0.05)
(0.25 0.9 0.05)
(0.3 0.9 0.05)
(0.35 0.9 0.05)
(0.4 0.9 0.05)
(0.45 0.9 0.05)
(0.5 0.9 0.05)
(0 1 0.05)
(0.05 1 0.05)
(0.1 1 0.05)
(0.15 1 0.05)
(0.2 1 0.05)
(0.25 1 0.05)
(0.3 1 0.05)
(0.35 1 0.05)
(0.4 1 0.05)
(0.45 1 0.05)
(0.5 1 0.05)
(0 0 0.1)
(0.05 0 0.1)
(0.1 0 0.1)
(0.15 0 0.1)
(0.2 0 0.1)
(0.25 0 0.1)
(0.3 0 0.1)
(0.35 0 0.1)
(0.4 0 0.1)
(0.45 0 0.1)
(0.5 0 0.1)
(0 0.1 0.1)
(0.05 0.1 0.1)
(0.1 0.1 0.1)
(0.15 0.1 0.1)
(0.2 0.1 0.1)
(0.25 0.1 0.1)
(0.3 0.1 0.1)
(0.35 0.1 0.1)
(0.4 0.1 0.1)
(0.45 0.1 0.1)
(0.5 0.1 0.1)
(0 0.2 0.1)
(0.05 0.2 0.1)
(0.1 0.2 0.1)
(0.15 0.2 0.1)
(0.2 0.2 0.1)
(0.25 0.2 0.1)
(0.3 0.2 0.1)
(0.35 0.2 0.1)
(0.4 0.2 0.1)
(0.45 0.2 0.1)
(0.5 0.2 0.1)
(0 0.3 0.1)
(0.05 0.3 0.1)
(0.1 0.3 0.1)
(0.15 0.3 0.1)
(0.2 0.3 0.1)
(0.25 0.3 0.1)
(0.3 0.3 0.1)
(0.35 0.3 0.1)
(0.4 0.3 0.1)
(0.45 0.3 0.1)
(0.5 0.3 0.1)
(0 0.4 0.1)
(0.05 0.4 0.1)
(0.1 0.4 0.1)
(0.15 0.4 0.1)
(0.2 0.4 0.1)
(0.25 0.4 0.1)
(0.3 0.4 0.1)
(0.35 0.4 0.1)
(0.4 0.4 0.1)
(0.45 0.4 0.1)
(0.5 0.4 0.1)
(0 0.5 0.1)
(0.05 0.5 0.1)
(0.1 0.5 0.1)
(0.15 0.5 0.1)
(0.2 0.5 0.1)
(0.25 0.5 0.1)
(0.3 0.5 0.1)
(0.35 0.5 0.1)
(0.4 0.5 0.1)
(0.45 0.5 0.1)
(0.5 0.5 0.1)
(0 0.6 0.1)
(0.05 0.6 0.1)
(0.1 0.6 0.1)
(0.15 0.6 0.1)
(0.2 0.6 0.1)
(0.25 0.6 0.1)
(0.3 0.6 0.1)
(0.35 0.6 0.1)
(0.4 0.6 0.1)
(0.45 0.6 0.1)
(0.5 0.6 0.1)
(0 0.7 0.1)
(0.05 0.7 0.1)
(0.1 0.7 0.1)
(0.15 0.7 0.1)
(0.2 0.7 0.1)
(0.25 0.7 0.1)
(0.3 0.7 0.1)
(0.35 0.7 0.1)
(0.4 0.7 0.1)
(0.45 0.7 0.1)
(0.5 0.7 0.1)
(0 0.8 0.1)
(0.05 0.8 0.1)
(0.1 0.8 0.1)
(0.15 0.8 0.1)
(0.2 0.8 0.1)
(0.25 0.8 0.1)
(0.3 0.8 0.1)
(0.35 0.8 0.1)
(0.4 0.8 0.1)
(0.45 0.8 0.1)
(0.5 0.8 0.1)
(0 0.9 0.1)
(0.05 0.9 0.1)
(0.1 0.9 0.1)
(0.15 0.9 0.1)
(0.2 0.9 0.1)
(0.25 0.9 0.1)
(0.3 0.9 0.1)
(0.35 0.9 0.1)
(0.4 0.9 0.1)
(0.45 0.9 0.1)
(0.5 0.9 0.1)
(0 1 0.1)
(0.05 1 0.1)
(0.1 1 0.1)
(0.15 1 0.1)
(0.2 1 0.1)
(0.25 1 0.1)
(0.3 1 0.1)
(0.35 1 0.1)
(0.4 1 0.1)
(0.45 1 0.1)
(0.5 1 0.1)
(0 0 0.15)
(0.05 0 0.15)
(0.1 0 0.15)
(0.15 0 0.15)
(0.2 0 0.15)
(0.25 0 0.15)
(0.3 0 0.15)
(0.35 0 0.15)
(0.4 0 0.15)
(0.45 0 0.15)
(0.5 0 0.15)
(0 0.1 0.15)
(0.05 0.1 0.15)
(0.1 0.1 0.15)
(0.15 0.1 0.15)
(0.2 0.1 0.15)
(0.25 0.1 0.15)
(0.3 0.1 0.15)
(0.35 0.1 0.15)
(0.4 0.1 0.15)
(0.45 0.1 0.15)
(0.5 0.1 0.15)
(0 0.2 0.15)
(0.05 0.2 0.15)
(0.1 0.2 0.15)
(0.15 0.2 0.15)
(0.2 0.2 0.15)
(0.25 0.2 0.15)
(0.3 0.2 0.15)
(0.35 0.2 0.15)
(0.4 0.2 0.15)
(0.45 0.2 0.15)
(0.5 0.2 0.15)
(0 0.3 0.15)
(0.05 0.3 0.15)
(0.1 0.3 0.15)
(0.15 0.3 0.15)
(0.2 0.3 0.15)
(0.25 0.3 0.15)
(0.3 0.3 0.15)
(0.35 0.3 0.15)
(0.4 0.3 0.15)
(0.45 0.3 0.15)
(0.5 0.3 0.15)
(0 0.4 0.15)
(0.05 0.4 0.15)
(0.1 0.4 0.15)
(0.15 0.4 0.15)
(0.2 0.4 0.15)
(0.25 0.4 0.15)
(0.3 0.4 0.15)
(0.35 0.4 0.15)
(0.4 0.4 0.15)
(0.45 0.4 0.15)
(0.5 0.4 0.15)
(0 0.5 0.15)
(0.05 0.5 0.15)
(0.1 0.5 0.15)
(0.15 0.5 0.15)
(0.2 0.5 0.15)
(0.25 0.5 0.15)
(0.3 0.5 0.15)
(0.35 0.5 0.15)
(0.4 0.5 0.15)
(0.45 0.5 0.15)
(0.5 0.5 0.15)
(0 0.6 0.15)
(0.05 0.6 0.15)
(0.1 0.6 0.15)
(0.15 0.6 0.15)
(0.2 0.6 0.15)
(0.25 0.6 0.15)
(0.3 0.6 0.15)
(0.35 0.6 0.15)
(0.4 0.6 0.15)
(0.45 0.6 0.15)
(0.5 0.6 0.15)
(0 0.7 0.15)
(0.05 0.7 0.15)
(0.1 0.7 0.15)
(0.15 0.7 0.15)
(0.2 0.7 0.15)
(0.25 0.7 0.15)
(0.3 0.7 0.15)
(0.35 0.7 0.15)
(0.4 0.7 0.15)
(0.45 0.7 0.15)
(0.5 0.7 0.15)
(0 0.8 0.15)
(0.05 0.8 0.15)
(0.1 0.8 0.15)
(0.15 0.8 0.15)
(0.2 0.8 0.15)
(0.25 0.8 0.15)
(0.3 0.8 0.15)
(0.35 0.8 0.15)
(0.4 0.8 0.15)
(0.45 0.8 0.15)
(0.5 0.8 0.15)
(0 0.9 0.15)
(0.05 0.9 0.15)
(0.1 0.9 0.15)
(0.15 0.9 0.15)
(0.2 0.9 0.15)
(0.25 0.9 0.15)
(0.3 0.9 0.15)
(0.35 0.9 0.15)
(0.4 0.9 0.15)
(0.45 0.9 0.15)
(0.5 0.9 0.15)
(0 1 0.15)
(0.05 1 0.15)
(0.1 1 0.15)
(0.15 1 0.15)
(0.2 1 0.15)
(0.25 1 0.15)
(0.3 1 0.15)
(0.35 1 0.15)
(0.4 1 0.15)
(0.45 1 0.15)
(0.5 1 0.15)
(0 0 0.2)
(0.05 0 0.2)
(0.1 0 0.2)
(0.15 0 0.2)
(0.2 0 0.2)
(0.25 0 0.2)
(0.3 0 0.2)
(0.35 0 0.2)
(0.4 0 0.2)
(0.45 0 0.2)
(0.5 0 0.2)
(0 0.1 0.2)
(0.05 0.1 0.2)
(0.1 0.1 0.2)
(0.15 0.1 0.2)
(0.2 0.1 0.2)
(0.25 0.1 0.2)
(0.3 0.1 0.2)
(0.35 0.1 0.2)
(0.4 0.1 0.2)
(0.45 0.1 0.2)
(0.5 0.1 0.2)
(0 0.2 0.2)
(0.05 0.2 0.2)
(0.1 0.2 0.2)
(0.15 0.2 0.2)
(0.2 0.2 0.2)
(0.25 0.2 0.2)
(0.3 0.2 0.2)
(0.35 0.2 0.2)
(0.4 0.2 0.2)
(0.45 0.2 0.2)
(0.5 0.2 0.2)
(0 0.3 0.2)
(0.05 0.3 0.2)
(0.1 0.3 0.2)
(0.15 0.3 0.2)
(0.2 0.3 0.2)
(0.25 0.3 0.2)
(0.3 0.3 0.2)
(0.35 0.3 0.2)
(0.4 0.3 0.2)
(0.45 0.3 0.2)
(0.5 0.3 0.2)
(0 0.4 0.2)
(0.05 0.4 0.2)
(0.1 0.4 0.2)
(0.15 0.4 0.2)
(0.2 0.4 0.2)
(0.25 0.4 0.2)
(0.3 0.4 0.2)
(0.35 0.4 0.2)
(0.4 0.4 0.2)
(0.45 0.4 0.2)
(0.5 0.4 0.2)
(0 0.5 0.2)
(0.05 0.5 0.2)
(0.1 0.5 0.2)
(0.15 0.5 0.2)
(0.2 0.5 0.2)
(0.25 0.5 0.2)
(0.3 0.5 0.2)
(0.35 0.5 0.2)
(0.4 0.5 0.2)
(0.45 0.5 0.2)
(0.5 0.5 0.2)
(0 0.6 0.2)
(0.05 0.6 0.2)
(0.1 0.6 0.2)
(0.15 0.6 0.2)
(0.2 0.6 0.2)
(0.25 0.6 0.2)
(0.3 0.6 0.2)
(0.35 0.6 0.2)
(0.4 0.6 0.2)
(0.45 0.6 0.2)
(0.5 0.6 0.2)
(0 0.7 0.2)
(0.05 0.7 0.2)
(0.1 0.7 0.2)
(0.15 0.7 0.2)
(0.2 0.7 0.2)
(0.25 0.7 0.2)
(0.3 0.7 0.2)
(0.35 0.7 0.2)
(0.4 0.7 0.2)
(0.45 0.7 0.2)
(0.5 0.7 0.2)
(0 0.8 0.2)
(0.05 0.8 0.2)
(0.1 0.8 0.2)
(0.15 0.8 0.2)
(0.2 0.8 0.2)
(0.25 0.8 0.2)
(0.3 0.8 0.2)
(0.35 0.8 0.2)
(0.4 0.8 0.2)
(0.45 0.8 0.2)
(0.5 0.8 0.2)
(0 0.9 0.2)
(0.05 0.9 0.2)
(0.1 0.9 0.2)
(0.15 0.9 0.2)
(0.2 0.9 0.2)
(0.25 0.9 0.2)
(0.3 0.9 0.2)
(0.35 0.9 0.2)
(0.4 0.9 0.2)
(0.45 0.9 0.2)
(0.5 0.9 0.2)
(0 1 0.2)
(0.05 1 0.2)
(0.1 1 0.2)
(0.15 1 0.2)
(0.2 1 0.2)
(0.25 1 0.2)
(0.3 1 0.2)
(0.35 1 0.2)
(0.4 1 0.2)
(0.45 1 0.2)
(0.5 1 0.2)
(0 0 0.25)
(0.05 0 0.25)
(0.1 0 0.25)
(0.15 0 0.25)
(0.2 0 0.25)
(0.25 0 0.25)
(0.3 0 0.25)
(0.35 0 0.25)
(0.4 0 0.25)
(0.45 0 0.25)
(0.5 0 0.25)
(0 0.1 0.25)
(0.05 0.1 0.25)
(0.1 0.1 0.25)
(0.15 0.1 0.25)
(0.2 0.1 0.25)
(0.25 0.1 0.25)
(0.3 0.1 0.25)
(0.35 0.1 0.25)
(0.4 0.1 0.25)
(0.45 0.1 0.25)
(0.5 0.1 0.25)
(0 0.2 0.25)
(0.05 0.2 0.25)
(0.1 0.2 0.25)
(0.15 0.2 0.25)
(0.2 0.2 0.25)
(0.25 0.2 0.25)
(0.3 0.2 0.25)
(0.35 0.2 0.25)
(0.4 0.2 0.25)
(0.45 0.2 0.25)
(0.5 0.2 0.25)
(0 0.3 0.25)
(0.05 0.3 0.25)
(0.1 0.3 0.25)
(0.15 0.3 0.25)
(0.2 0.3 0.25)
(0.25 0.3 0.25)
(0.3 0.3 0.25)
(0.35 0.3 0.25)
(0.4 0.3 0.25)
(0.45 0.3 0.25)
(0.5 0.3 0.25)
(0 0.4 0.25)
(0.05 0.4 0.25)
(0.1 0.4 0.25)
(0.15 0.4 0.25)
(0.2 0.4 0.25)
(0.25 0.4 0.25)
(0.3 0.4 0.25)
(0.35 0.4 0.25)
(0.4 0.4 0.25)
(0.45 0.4 0.25)
(0.5 0.4 0.25)
(0 0.5 0.25)
(0.05 0.5 0.25)
(0.1 0.5 0.25)
(0.15 0.5 0.25)
(0.2 0.5 0.25)
(0.25 0.5 0.25)
(0.3 0.5 0.25)
(0.35 0.5 0.25)
(0.4 0.5 0.25)
(0.45 0.5 0.25)
(0.5 0.5 0.25)
(0 0.6 0.25)
(0.05 0.6 0.25)
(0.1 0.6 0.25)
(0.15 0.6 0.25)
(0.2 0.6 0.25)
(0.25 0.6 0.25)
(0.3 0.6 0.25)
(0.35 0.6 0.25)
(0.4 0.6 0.25)
(0.45 0.6 0.25)
(0.5 0.6 0.25)
(0 0.7 0.25)
(0.05 0.7 0.25)
(0.1 0.7 0.25)
(0.15 0.7 0.25)
(0.2 0.7 0.25)
(0.25 0.7 0.25)
(0.3 0.7 0.25)
(0.35 0.7 0.25)
(0.4 0.7 0.25)
(0.45 0.7 0.25)
(0.5 0.7 0.25)
(0 0.8 0.25)
(0.05 0.8 0.25)
(0.1 0.8 0.25)
(0.15 0.8 0.25)
(0.2 0.8 0.25)
(0.25 0.8 0.25)
(0.3 0.8 0.25)
(0.35 0.8 0.25)
(0.4 0.8 0.25)
(0.45 0.8 0.25)
(0.5 0.8 0.25)
(0 0.9 0.25)
(0.05 0.9 0.25)
(0.1 0.9 0.25)
(0.15 0.9 0.25)
(0.2 0.9 0.25)
(0.25 0.9 0.25)
(0.3 0.9 0.25)
(0.35 0.9 0.25)
(0.4 0.9 0.25)
(0.45 0.9 0.25)
(0.5 0.9 0.25)
(0 1 0.25)
(0.05 1 0.25)
(0.1 1 0.25)
(0.15 1 0.25)
(0.2 1 0.25)
(0.25 1 0.25)
(0.3 1 0.25)
(0.35 1 0.25)
(0.4 1 0.25)
(0.45 1 0.25)
(0.5 1 0.25)
(0 0 0.3)
(0.05 0 0.3)
(0.1 0 0.3)
(0.15 0 0.3)
(0.2 0 0.3)
(0.25 0 0.3)
(0.3 0 0.3)
(0.35 0 0.3)
(0.4 0 0.3)
(0.45 0 0.3)
(0.5 0 0.3)
(0 0.1 0.3)
(0.05 0.1 0.3)
(0.1 0.1 0.3)
(0.15 0.1 0.3)
(0.2 0.1 0.3)
(0.25 0.1 0.3)
(0.3 0.1 0.3)
(0.35 0.1 0.3)
(0.4 0.1 0.3)
(0.45 0.1 0.3)
(0.5 0.1 0.3)
(0 0.2 0.3)
(0.05 0.2 0.3)
(0.1 0.2 0.3)
(0.15 0.2 0.3)
(0.2 0.2 0.3)
(0.25 0.2 0.3)
(0.3 0.2 0.3)
(0.35 0.2 0.3)
(0.4 0.2 0.3)
(0.45 0.2 0.3)
(0.5 0.2 0.3)
(0 0.3 0.3)
(0.05 0.3 0.3)
(0.1 0.3 0.3)
(0.15 0.3 0.3)
(0.2 0.3 0.3)
(0.25 0.3 0.3)
(0.3 0.3 0.3)
(0.35 0.3 0.3)
(0.4 0.3 0.3)
(0.45 0.3 0.3)
(0.5 0.3 0.3)
(0 0.4 0.3)
(0.05 0.4 0.3)
(0.1 0.4 0.3)
(0.15 0.4 0.3)
(0.2 0.4 0.3)
(0.25 0.4 0.3)
(0.3 0.4 0.3)
(0.35 0.4 0.3)
(0.4 0.4 0.3)
(0.45 0.4 0.3)
(0.5 0.4 0.3)
(0 0.5 0.3)
(0.05 0.5 0.3)
(0.1 0.5 0.3)
(0.15 0.5 0.3)
(0.2 0.5 0.3)
(0.25 0.5 0.3)
(0.3 0.5 0.3)
(0.35 0.5 0.3)
(0.4 0.5 0.3)
(0.45 0.5 0.3)
(0.5 0.5 0.3)
(0 0.6 0.3)
(0.05 0.6 0.3)
(0.1 0.6 0.3)
(0.15 0.6 0.3)
(0.2 0.6 0.3)
(0.25 0.6 0.3)
(0.3 0.6 0.3)
(0.35 0.6 0.3)
(0.4 0.6 0.3)
(0.45 0.6 0.3)
(0.5 0.6 0.3)
(0 0.7 0.3)
(0.05 0.7 0.3)
(0.1 0.7 0.3)
(0.15 0.7 0.3)
(0.2 0.7 0.3)
(0.25 0.7 0.3)
(0.3 0.7 0.3)
(0.35 0.7 0.3)
(0.4 0.7 0.3)
(0.45 0.7 0.3)
(0.5 0.7 0.3)
(0 0.8 0.3)
(0.05 0.8 0.3)
(0.1 0.8 0.3)
(0.15 0.8 0.3)
(0.2 0.8 0.3)
(0.25 0.8 0.3)
(0.3 0.8 0.3)
(0.35 0.8 0.3)
(0.4 0.8 0.3)
(0.45 0.8 0.3)
(0.5 0.8 0.3)
(0 0.9 0.3)
(0.05 0.9 0.3)
(0.1 0.9 0.3)
(0.15 0.9 0.3)
(0.2 0.9 0.3)
(0.25 0.9 0.3)
(0.3 0.9 0.3)
(0.35 0.9 0.3)
(0.4 0.9 0.3)
(0.45 0.9 0.3)
(0.5 0.9 0.3)
(0 1 0.3)
(0.05 1 0.3)
(0.1 1 0.3)
(0.15 1 0.3)
(0.2 1 0.3)
(0.25 1 0.3)
(0.3 1 0.3)
(0.35 1 0.3)
(0.4 1 0.3)
(0.45 1 0.3)
(0.5 1 0.3)
(0 0 0.35)
(0.05 0 0.35)
(0.1 0 0.35)
(0.15 0 0.35)
(0.2 0 0.35)
(0.25 0 0.35)
(0.3 0 0.35)
(0.35 0 0.35)
(0.4 0 0.35)
(0.45 0 0.35)
(0.5 0 0.35)
(0 0.1 0.35)
(0.05 0.1 0.35)
(0.1 0.1 0.35)
(0.15 0.1 0.35)
(0.2 0.1 0.35)
(0.25 0.1 0.35)
(0.3 0.1 0.35)
(0.35 0.1 0.35)
(0.4 0.1 0.35)
(0.45 0.1 0.35)
(0.5 0.1 0.35)
(0 0.2 0.35)
(0.05 0.2 0.35)
(0.1 0.2 0.35)
(0.15 0.2 0.35)
(0.2 0.2 0.35)
(0.25 0.2 0.35)
(0.3 0.2 0.35)
(0.35 0.2 0.35)
(0.4 0.2 0.35)
(0.45 0.2 0.35)
(0.5 0.2 0.35)
(0 0.3 0.35)
(0.05 0.3 0.35)
(0.1 0.3 0.35)
(0.15 0.3 0.35)
(0.2 0.3 0.35)
(0.25 0.3 0.35)
(0.3 0.3 0.35)
(0.35 0.3 0.35)
(0.4 0.3 0.35)
(0.45 0.3 0.35)
(0.5 0.3 0.35)
(0 0.4 0.35)
(0.05 0.4 0.35)
(0.1 0.4 0.35)
(0.15 0.4 0.35)
(0.2 0.4 0.35)
(0.25 0.4 0.35)
(0.3 0.4 0.35)
(0.35 0.4 0.35)
(0.4 0.4 0.35)
(0.45 0.4 0.35)
(0.5 0.4 0.35)
(0 0.5 0.35)
(0.05 0.5 0.35)
(0.1 0.5 0.35)
(0.15 0.5 0.35)
(0.2 0.5 0.35)
(0.25 0.5 0.35)
(0.3 0.5 0.35)
(0.35 0.5 0.35)
(0.4 0.5 0.35)
(0.45 0.5 0.35)
(0.5 0.5 0.35)
(0 0.6 0.35)
(0.05 0.6 0.35)
(0.1 0.6 0.35)
(0.15 0.6 0.35)
(0.2 0.6 0.35)
(0.25 0.6 0.35)
(0.3 0.6 0.35)
(0.35 0.6 0.35)
(0.4 0.6 0.35)
(0.45 0.6 0.35)
(0.5 0.6 0.35)
(0 0.7 0.35)
(0.05 0.7 0.35)
(0.1 0.7 0.35)
(0.15 0.7 0.35)
(0.2 0.7 0.35)
(0.25 0.7 0.35)
(0.3 0.7 0.35)
(0.35 0.7 0.35)
(0.4 0.7 0.35)
(0.45 0.7 0.35)
(0.5 0.7 0.35)
(0 0.8 0.35)
(0.05 0.8 0.35)
(0.1 0.8 0.35)
(0.15 0.8 0.35)
(0.2 0.8 0.35)
(0.25 0.8 0.35)
(0.3 0.8 0.35)
(0.35 0.8 0.35)
(0.4 0.8 0.35)
(0.45 0.8 0.35)
(0.5 0.8 0.35)
(0 0.9 0.35)
(0.05 0.9 0.35)
(0.1 0.9 0.35)
(0.15 0.9 0.35)
(0.2 0.9 0.35)
(0.25 0.9 0.35)
(0.3 0.9 0.35)
(0.35 0.9 0.35)
(0.4 0.9 0.35)
(0.45 0.9 0.35)
(0.5 0.9 0.35)
(0 1 0.35)
(0.05 1 0.35)
(0.1 1 0.35)
(0.15 1 0.35)
(0.2 1 0.35)
(0.25 1 0.35)
(0.3 1 0.35)
(0.35 1 0.35)
(0.4 1 0.35)
(0.45 1 0.35)
(0.5 1 0.35)
(0 0 0.4)
(0.05 0 0.4)
(0.1 0 0.4)
(0.15 0 0.4)
(0.2 0 0.4)
(0.25 0 0.4)
(0.3 0 0.4)
(0.35 0 0.4)
(0.4 0 0.4)
(0.45 0 0.4)
(0.5 0 0.4)
(0 0.1 0.4)
(0.05 0.1 0.4)
(0.1 0.1 0.4)
(0.15 0.1 0.4)
(0.2 0.1 0.4)
(0.25 0.1 0.4)
(0.3 0.1 0.4)
(0.35 0.1 0.4)
(0.4 0.1 0.4)
(0.45 0.1 0.4)
(0.5 0.1 0.4)
(0 0.2 0.4)
(0.05 0.2 0.4)
(0.1 0.2 0.4)
(0.15 0.2 0.4)
(0.2 0.2 0.4)
(0.25 0.2 0.4)
(0.3 0.2 0.4)
(0.35 0.2 0.4)
(0.4 0.2 0.4)
(0.45 0.2 0.4)
(0.5 0.2 0.4)
(0 0.3 0.4)
(0.05 0.3 0.4)
(0.1 0.3 0.4)
(0.15 0.3 0.4)
(0.2 0.3 0.4)
(0.25 0.3 0.4)
(0.3 0.3 0.4)
(0.35 0.3 0.4)
(0.4 0.3 0.4)
(0.45 0.3 0.4)
(0.5 0.3 0.4)
(0 0.4 0.4)
(0.05 0.4 0.4)
(0.1 0.4 0.4)
(0.15 0.4 0.4)
(0.2 0.4 0.4)
(0.25 0.4 0.4)
(0.3 0.4 0.4)
(0.35 0.4 0.4)
(0.4 0.4 0.4)
(0.45 0.4 0.4)
(0.5 0.4 0.4)
(0 0.5 0.4)
(0.05 0.5 0.4)
(0.1 0.5 0.4)
(0.15 0.5 0.4)
(0.2 0.5 0.4)
(0.25 0.5 0.4)
(0.3 0.5 0.4)
(0.35 0.5 0.4)
(0.4 0.5 0.4)
(0.45 0.5 0.4)
(0.5 0.5 0.4)
(0 0.6 0.4)
(0.05 0.6 0.4)
(0.1 0.6 0.4)
(0.15 0.6 0.4)
(0.2 0.6 0.4)
(0.25 0.6 0.4)
(0.3 0.6 0.4)
(0.35 0.6 0.4)
(0.4 0.6 0.4)
(0.45 0.6 0.4)
(0.5 0.6 0.4)
(0 0.7 0.4)
(0.05 0.7 0.4)
(0.1 0.7 0.4)
(0.15 0.7 0.4)
(0.2 0.7 0.4)
(0.25 0.7 0.4)
(0.3 0.7 0.4)
(0.35 0.7 0.4)
(0.4 0.7 0.4)
(0.45 0.7 0.4)
(0.5 0.7 0.4)
(0 0.8 0.4)
(0.05 0.8 0.4)
(0.1 0.8 0.4)
(0.15 0.8 0.4)
(0.2 0.8 0.4)
(0.25 0.8 0.4)
(0.3 0.8 0.4)
(0.35 0.8 0.4)
(0.4 0.8 0.4)
(0.45 0.8 0.4)
(0.5 0.8 0.4)
(0 0.9 0.4)
(0.05 0.9 0.4)
(0.1 0.9 0.4)
(0.15 0.9 0.4)
(0.2 0.9 0.4)
(0.25 0.9 0.4)
(0.3 0.9 0.4)
(0.35 0.9 0.4)
(0.4 0.9 0.4)
(0.45 0.9 0.4)
(0.5 0.9 0.4)
(0 1 0.4)
(0.05 1 0.4)
(0.1 1 0.4)
(0.15 1 0.4)
(0.2 1 0.4)
(0.25 1 0.4)
(0.3 1 0.4)
(0.35 1 0.4)
(0.4 1 0.4)
(0.45 1 0.4)
(0.5 1 0.4)
(0 0 0.45)
(0.05 0 0.45)
(0.1 0 0.45)
(0.15 0 0.45)
(0.2 0 0.45)
(0.25 0 0.45)
(0.3 0 0.45)
(0.35 0 0.45)
(0.4 0 0.45)
(0.45 0 0.45)
(0.5 0 0.45)
(0 0.1 0.45)
(0.05 0.1 0.45)
(0.1 0.1 0.45)
(0.15 0.1 0.45)
(0.2 0.1 0.45)
(0.25 0.1 0.45)
(0.3 0.1 0.45)
(0.35 0.1 0.45)
(0.4 0.1 0.45)
(0.45 0.1 0.45)
(0.5 0.1 0.45)
(0 0.2 0.45)
(0.05 0.2 0.45)
(0.1 0.2 0.45)
(0.15 0.2 0.45)
(0.2 0.2 0.45)
(0.25 0.2 0.45)
(0.3 0.2 0.45)
(0.35 0.2 0.45)
(0.4 0.2 0.45)
(0.45 0.2 0.45)
(0.5 0.2 0.45)
(0 0.3 0.45)
(0.05 0.3 0.45)
(0.1 0.3 0.45)
(0.15 0.3 0.45)
(0.2 0.3 0.45)
(0.25 0.3 0.45)
(0.3 0.3 0.45)
(0.35 0.3 0.45)
(0.4 0.3 0.45)
(0.45 0.3 0.45)
(0.5 0.3 0.45)
(0 0.4 0.45)
(0.05 0.4 0.45)
(0.1 0.4 0.45)
(0.15 0.4 0.45)
(0.2 0.4 0.45)
(0.25 0.4 0.45)
(0.3 0.4 0.45)
(0.35 0.4 0.45)
(0.4 0.4 0.45)
(0.45 0.4 0.45)
(0.5 0.4 0.45)
(0 0.5 0.45)
(0.05 0.5 0.45)
(0.1 0.5 0.45)
(0.15 0.5 0.45)
(0.2 0.5 0.45)
(0.25 0.5 0.45)
(0.3 0.5 0.45)
(0.35 0.5 0.45)
(0.4 0.5 0.45)
(0.45 0.5 0.45)
(0.5 0.5 0.45)
(0 0.6 0.45)
(0.05 0.6 0.45)
(0.1 0.6 0.45)
(0.15 0.6 0.45)
(0.2 0.6 0.45)
(0.25 0.6 0.45)
(0.3 0.6 0.45)
(0.35 0.6 0.45)
(0.4 0.6 0.45)
(0.45 0.6 0.45)
(0.5 0.6 0.45)
(0 0.7 0.45)
(0.05 0.7 0.45)
(0.1 0.7 0.45)
(0.15 0.7 0.45)
(0.2 0.7 0.45)
(0.25 0.7 0.45)
(0.3 0.7 0.45)
(0.35 0.7 0.45)
(0.4 0.7 0.45)
(0.45 0.7 0.45)
(0.5 0.7 0.45)
(0 0.8 0.45)
(0.05 0.8 0.45)
(0.1 0.8 0.45)
(0.15 0.8 0.45)
(0.2 0.8 0.45)
(0.25 0.8 0.45)
(0.3 0.8 0.45)
(0.35 0.8 0.45)
(0.4 0.8 0.45)
(0.45 0.8 0.45)
(0.5 0.8 0.45)
(0 0.9 0.45)
(0.05 0.9 0.45)
(0.1 0.9 0.45)
(0.15 0.9 0.45)
(0.2 0.9 0.45)
(0.25 0.9 0.45)
(0.3 0.9 0.45)
(0.35 0.9 0.45)
(0.4 0.9 0.45)
(0.45 0.9 0.45)
(0.5 0.9 0.45)
(0 1 0.45)
(0.05 1 0.45)
(0.1 1 0.45)
(0.15 1 0.45)
(0.2 1 0.45)
(0.25 1 0.45)
(0.3 1 0.45)
(0.35 1 0.45)
(0.4 1 0.45)
(0.45 1 0.45)
(0.5 1 0.45)
(0 0 0.5)
(0.05 0 0.5)
(0.1 0 0.5)
(0.15 0 0.5)
(0.2 0 0.5)
(0.25 0 0.5)
(0.3 0 0.5)
(0.35 0 0.5)
(0.4 0 0.5)
(0.45 0 0.5)
(0.5 0 0.5)
(0 0.1 0.5)
(0.05 0.1 0.5)
(0.1 0.1 0.5)
(0.15 0.1 0.5)
(0.2 0.1 0.5)
(0.25 0.1 0.5)
(0.3 0.1 0.5)
(0.35 0.1 0.5)
(0.4 0.1 0.5)
(0.45 0.1 0.5)
(0.5 0.1 0.5)
(0 0.2 0.5)
(0.05 0.2 0.5)
(0.1 0.2 0.5)
(0.15 0.2 0.5)
(0.2 0.2 0.5)
(0.25 0.2 0.5)
(0.3 0.2 0.5)
(0.35 0.2 0.5)
(0.4 0.2 0.5)
(0.45 0.2 0.5)
(0.5 0.2 0.5)
(0 0.3 0.5)
(0.05 0.3 0.5)
(0.1 0.3 0.5)
(0.15 0.3 0.5)
(0.2 0.3 0.5)
(0.25 0.3 0.5)
(0.3 0.3 0.5)
(0.35 0.3 0.5)
(0.4 0.3 0.5)
(0.45 0.3 0.5)
(0.5 0.3 0.5)
(0 0.4 0.5)
(0.05 0.4 0.5)
(0.1 0.4 0.5)
(0.15 0.4 0.5)
(0.2 0.4 0.5)
(0.25 0.4 0.5)
(0.3 0.4 0.5)
(0.35 0.4 0.5)
(0.4 0.4 0.5)
(0.45 0.4 0.5)
(0.5 0.4 0.5)
(0 0.5 0.5)
(0.05 0.5 0.5)
(0.1 0.5 0.5)
(0.15 0.5 0.5)
(0.2 0.5 0.5)
(0.25 0.5 0.5)
(0.3 0.5 0.5)
(0.35 0.5 0.5)
(0.4 0.5 0.5)
(0.45 0.5 0.5)
(0.5 0.5 0.5)
(0 0.6 0.5)
(0.05 0.6 0.5)
(0.1 0.6 0.5)
(0.15 0.6 0.5)
(0.2 0.6 0.5)
(0.25 0.6 0.5)
(0.3 0.6 0.5)
(0.35 0.6 0.5)
(0.4 0.6 0.5)
(0.45 0.6 0.5)
(0.5 0.6 0.5)
(0 0.7 0.5)
(0.05 0.7 0.5)
(0.1 0.7 0.5)
(0.15 0.7 0.5)
(0.2 0.7 0.5)
(0.25 0.7 0.5)
(0.3 0.7 0.5)
(0.35 0.7 0.5)
(0.4 0.7 0.5)
(0.45 0.7 0.5)
(0.5 0.7 0.5)
(0 0.8 0.5)
(0.05 0.8 0.5)
(0.1 0.8 0.5)
(0.15 0.8 0.5)
(0.2 0.8 0.5)
(0.25 0.8 0.5)
(0.3 0.8 0.5)
(0.35 0.8 0.5)
(0.4 0.8 0.5)
(0.45 0.8 0.5)
(0.5 0.8 0.5)
(0 0.9 0.5)
(0.05 0.9 0.5)
(0.1 0.9 0.5)
(0.15 0.9 0.5)
(0.2 0.9 0.5)
(0.25 0.9 0.5)
(0.3 0.9 0.5)
(0.35 0.9 0.5)
(0.4 0.9 0.5)
(0.45 0.9 0.5)
(0.5 0.9 0.5)
(0 1 0.5)
(0.05 1 0.5)
(0.1 1 0.5)
(0.15 1 0.5)
(0.2 1 0.5)
(0.25 1 0.5)
(0.3 1 0.5)
(0.35 1 0.5)
(0.4 1 0.5)
(0.45 1 0.5)
(0.5 1 0.5)
(1 0 0)
(1.05 0 0)
(1.1 0 0)
(1.15 0 0)
(1.2 0 0)
(1.25 0 0)
(1.3 0 0)
(1.35 0 0)
(1.4 0 0)
(1.45 0 0)
(1.5 0 0)
(1 0.1 0)
(1.05 0.1 0)
(1.1 0.1 0)
(1.15 0.1 0)
(1.2 0.1 0)
(1.25 0.1 0)
(1.3 0.1 0)
(1.35 0.1 0)
(1.4 0.1 0)
(1.45 0.1 0)
(1.5 0.1 0)
(1 0.2 0)
(1.05 0.2 0)
(1.1 0.2 0)
(1.15 0.2 0)
(1.2 0.2 0)
(1.25 0.2 0)
(1.3 0.2 0)
(1.35 0.2 0)
(1.4 0.2 0)
(1.45 0.2 0)
(1.5 0.2 0)
(1 0.3 0)
(1.05 0.3 0)
(1.1 0.3 0)
(1.15 0.3 0)
(1.2 0.3 0)
(1.25 0.3 0)
(1.3 0.3 0)
(1.35 0.3 0)
(1.4 0.3 0)
(1.45 0.3 0)
(1.5 0.3 0)
(1 0.4 0)
(1.05 0.4 0)
(1.1 0.4 0)
(1.15 0.4 0)
(1.2 0.4 0)
(1.25 0.4 0)
(1.3 0.4 0)
(1.35 0.4 0)
(1.4 0.4 0)
(1.45 0.4 0)
(1.5 0.4 0)
(1 0.5 0)
(1.05 0.5 0)
(1.1 0.5 0)
(1.15 0.5 0)
(1.2 0.5 0)
(1.25 0.5 0)
(1.3 0.5 0)
(1.35 0.5 0)
(1.4 0.5 0)
(1.45 0.5 0)
(1.5 0.5 0)
(1 0.6 0)
(1.05 0.6 0)
(1.1 0.6 0)
(1.15 0.6 0)
(1.2 0.6 0)
(1.25 0.6 0)
(1.3 0.6 0)
(1.35 0.6 0)
(1.4 0.6 0)
(1.45 0.6 0)
(1.5 0.6 0)
(1 0.7 0)
(1.05 0.7 0)
(1.1 0.7 0)
(1.15 0.7 0)
(1.2 0.7 0)
(1.25 0.7 0)
(1.3 0.7 0)
(1.35 0.7 0)
(1.4 0.7 0)
(1.45 0.7 0)
(1.5 0.7 0)
(1 0.8 0)
(1.05 0.8 0)
(1.1 0.8 0)
(1.15 0.8 0)
(1.2 0.8 0)
(1.25 0.8 0)
(1.3 0.8 0)
(1.35 0.8 0)
(1.4 0.8 0)
(1.45 0.8 0)
(1.5 0.8 0)
(1 0.9 0)
(1.05 0.9 0)
(1.1 0.9 0)
(1.15 0.9 0)
(1.2 0.9 0)
(1.25 0.9 0)
(1.3 0.9 0)
(1.35 0.9 0)
(1.4 0.9 0)
(1.45 0.9 0)
(1.5 0.9 0)
(1 1 0)
(1.05 1 0)
(1.1 1 0)
(1.15 1 0)
(1.2 1 0)
(1.25 1 0)
(1.3 1 0)
(1.35 1 0)
(1.4 1 0)
(1.45 1 0)
(1.5 1 0)
(1 0 0.05)
(1.05 0 0.05)
(1.1 0 0.05)
(1.15 0 0.05)
(1.2 0 0.05)
(1.25 0 0.05)
(1.3 0 0.05)
(1.35 0 0.05)
(1.4 0 0.05)
(1.45 0 0.05)
(1.5 0 0.05)
(1 0.1 0.05)
(1.05 0.1 0.05)
(1.1 0.1 0.05)
(1.15 0.1 0.05)
(1.2 0.1 0.05)
(1.25 0.1 0.05)
(1.3 0.1 0.05)
(1.35 0.1 0.05)
(1.4 0.1 0.05)
(1.45 0.1 0.05)
(1.5 0.1 0.05)
(1 0.2 0.05)
(1.05 0.2 0.05)
(1.1 0.2 0.05)
(1.15 0.2 0.05)
(1.2 0.2 0.05)
(1.25 0.2 0.05)
(1.3 0.2 0.05)
(1.35 0.2 0.05)
(1.4 0.2 0.05)
(1.45 0.2 0.05)
(1.5 0.2 0.05)
(1 0.3 0.05)
(1.05 0.3 0.05)
(1.1 0.3 0.05)
(1.15 0.3 0.05)
(1.2 0.3 0.05)
(1.25 0.3 0.05)
(1.3 0.3 0.05)
(1.35 0.3 0.05)
(1.4 0.3 0.05)
(1.45 0.3 0.05)
(1.5 0.3 0.05)
(1 0.4 0.05)
(1.05 0.4 0.05)
(1.1 0.4 0.05)
(1.15 0.4 0.05)
(1.2 0.4 0.05)
(1.25 0.4 0.05)
(1.3 0.4 0.05)
(1.35 0.4 0.05)
(1.4 0.4 0.05)
(1.45 0.4 0.05)
(1.5 0.4 0.05)
(1 0.5 0.05)
(1.05 0.5 0.05)
(1.1 0.5 0.05)
(1.15 0.5 0.05)
(1.2 0.5 0.05)
(1.25 0.5 0.05)
(1.3 0.5 0.05)
(1.35 0.5 0.05)
(1.4 0.5 0.05)
(1.45 0.5 0.05)
(1.5 0.5 0.05)
(1 0.6 0.05)
(1.05 0.6 0.05)
(1.1 0.6 0.05)
(1.15 0.6 0.05)
(1.2 0.6 0.05)
(1.25 0.6 0.05)
(1.3 0.6 0.05)
(1.35 0.6 0.05)
(1.4 0.6 0.05)
(1.45 0.6 0.05)
(1.5 0.6 0.05)
(1 0.7 0.05)
(1.05 0.7 0.05)
(1.1 0.7 0.05)
(1.15 0.7 0.05)
(1.2 0.7 0.05)
(1.25 0.7 0.05)
(1.3 0.7 0.05)
(1.35 0.7 0.05)
(1.4 0.7 0.05)
(1.45 0.7 0.05)
(1.5 0.7 0.05)
(1 0.8 0.05)
(1.05 0.8 0.05)
(1.1 0.8 0.05)
(1.15 0.8 0.05)
(1.2 0.8 0.05)
(1.25 0.8 0.05)
(1.3 0.8 0.05)
(1.35 0.8 0.05)
(1.4 0.8 0.05)
(1.45 0.8 0.05)
(1.5 0.8 0.05)
(1 0.9 0.05)
(1.05 0.9 0.05)
(1.1 0.9 0.05)
(1.15 0.9 0.05)
(1.2 0.9 0.05)
(1.25 0.9 0.05)
(1.3 0.9 0.05)
(1.35 0.9 0.05)
(1.4 0.9 0.05)
(1.45 0.9 0.05)
(1.5 0.9 0.05)
(1 1 0.05)
(1.05 1 0.05)
(1.1 1 0.05)
(1.15 1 0.05)
(1.2 1 0.05)
(1.25 1 0.05)
(1.3 1 0.05)
(1.35 1 0.05)
(1.4 1 0.05)
(1.45 1 0.05)
(1.5 1 0.05)
(1 0 0.1)
(1.05 0 0.1)
(1.1 0 0.1)
(1.15 0 0.1)
(1.2 0 0.1)
(1.25 0 0.1)
(1.3 0 0.1)
(1.35 0 0.1)
(1.4 0 0.1)
(1.45 0 0.1)
(1.5 0 0.1)
(1 0.1 0.1)
(1.05 0.1 0.1)
(1.1 0.1 0.1)
(1.15 0.1 0.1)
(1.2 0.1 0.1)
(1.25 0.1 0.1)
(1.3 0.1 0.1)
(1.35 0.1 0.1)
(1.4 0.1 0.1)
(1.45 0.1 0.1)
(1.5 0.1 0.1)
(1 0.2 0.1)
(1.05 0.2 0.1)
(1.1 0.2 0.1)
(1.15 0.2 0.1)
(1.2 0.2 0.1)
(1.25 0.2 0.1)
(1.3 0.2 0.1)
(1.35 0.2 0.1)
(1.4 0.2 0.1)
(1.45 0.2 0.1)
(1.5 0.2 0.1)
(1 0.3 0.1)
(1.05 0.3 0.1)
(1.1 0.3 0.1)
(1.15 0.3 0.1)
(1.2 0.3 0.1)
(1.25 0.3 0.1)
(1.3 0.3 0.1)
(1.35 0.3 0.1)
(1.4 0.3 0.1)
(1.45 0.3 0.1)
(1.5 0.3 0.1)
(1 0.4 0.1)
(1.05 0.4 0.1)
(1.1 0.4 0.1)
(1.15 0.4 0.1)
(1.2 0.4 0.1)
(1.25 0.4 0.1)
(1.3 0.4 0.1)
(1.35 0.4 0.1)
(1.4 0.4 0.1)
(1.45 0.4 0.1)
(1.5 0.4 0.1)
(1 0.5 0.1)
(1.05 0.5 0.1)
(1.1 0.5 0.1)
(1.15 0.5 0.1)
(1.2 0.5 0.1)
(1.25 0.5 0.1)
(1.3 0.5 0.1)
(1.35 0.5 0.1)
(1.4 0.5 0.1)
(1.45 0.5 0.1)
(1.5 0.5 0.1)
(1 0.6 0.1)
(1.05 0.6 0.1)
(1.1 0.6 0.1)
(1.15 0.6 0.1)
(1.2 0.6 0.1)
(1.25 0.6 0.1)
(1.3 0.6 0.1)
(1.35 0.6 0.1)
(1.4 0.6 0.1)
(1.45 0.6 0.1)
(1.5 0.6 0.1)
(1 0.7 0.1)
(1.05 0.7 0.1)
(1.1 0.7 0.1)
(1.15 0.7 0.1)
(1.2 0.7 0.1)
(1.25 0.7 0.1)
(1.3 0.7 0.1)
(1.35 0.7 0.1)
(1.4 0.7 0.1)
(1.45 0.7 0.1)
(1.5 0.7 0.1)
(1 0.8 0.1)
(1.05 0.8 0.1)
(1.1 0.8 0.1)
(1.15 0.8 0.1)
(1.2 0.8 0.1)
(1.25 0.8 0.1)
(1.3 0.8 0.1)
(1.35 0.8 0.1)
(1.4 0.8 0.1)
(1.45 0.8 0.1)
(1.5 0.8 0.1)
(1 0.9 0.1)
(1.05 0.9 0.1)
(1.1 0.9 0.1)
(1.15 0.9 0.1)
(1.2 0.9 0.1)
(1.25 0.9 0.1)
(1.3 0.9 0.1)
(1.35 0.9 0.1)
(1.4 0.9 0.1)
(1.45 0.9 0.1)
(1.5 0.9 0.1)
(1 1 0.1)
(1.05 1 0.1)
(1.1 1 0.1)
(1.15 1 0.1)
(1.2 1 0.1)
(1.25 1 0.1)
(1.3 1 0.1)
(1.35 1 0.1)
(1.4 1 0.1)
(1.45 1 0.1)
(1.5 1 0.1)
(1 0 0.15)
(1.05 0 0.15)
(1.1 0 0.15)
(1.15 0 0.15)
(1.2 0 0.15)
(1.25 0 0.15)
(1.3 0 0.15)
(1.35 0 0.15)
(1.4 0 0.15)
(1.45 0 0.15)
(1.5 0 0.15)
(1 0.1 0.15)
(1.05 0.1 0.15)
(1.1 0.1 0.15)
(1.15 0.1 0.15)
(1.2 0.1 0.15)
(1.25 0.1 0.15)
(1.3 0.1 0.15)
(1.35 0.1 0.15)
(1.4 0.1 0.15)
(1.45 0.1 0.15)
(1.5 0.1 0.15)
(1 0.2 0.15)
(1.05 0.2 0.15)
(1.1 0.2 0.15)
(1.15 0.2 0.15)
(1.2 0.2 0.15)
(1.25 0.2 0.15)
(1.3 0.2 0.15)
(1.35 0.2 0.15)
(1.4 0.2 0.15)
(1.45 0.2 0.15)
(1.5 0.2 0.15)
(1 0.3 0.15)
(1.05 0.3 0.15)
(1.1 0.3 0.15)
(1.15 0.3 0.15)
(1.2 0.3 0.15)
(1.25 0.3 0.15)
(1.3 0.3 0.15)
(1.35 0.3 0.15)
(1.4 0.3 0.15)
(1.45 0.3 0.15)
(1.5 0.3 0.15)
(1 0.4 0.15)
(1.05 0.4 0.15)
(1.1 0.4 0.15)
(1.15 0.4 0.15)
(1.2 0.4 0.15)
(1.25 0.4 0.15)
(1.3 0.4 0.15)
(1.35 0.4 0.15)
(1.4 0.4 0.15)
(1.45 0.4 0.15)
(1.5 0.4 0.15)
(1 0.5 0.15)
(1.05 0.5 0.15)
(1.1 0.5 0.15)
(1.15 0.5 0.15)
(1.2 0.5 0.15)
(1.25 0.5 0.15)
(1.3 0.5 0.15)
(1.35 0.5 0.15)
(1.4 0.5 0.15)
(1.45 0.5 0.15)
(1.5 0.5 0.15)
(1 0.6 0.15)
(1.05 0.6 0.15)
(1.1 0.6 0.15)
(1.15 0.6 0.15)
(1.2 0.6 0.15)
(1.25 0.6 0.15)
(1.3 0.6 0.15)
(1.35 0.6 0.15)
(1.4 0.6 0.15)
(1.45 0.6 0.15)
(1.5 0.6 0.15)
(1 0.7 0.15)
(1.05 0.7 0.15)
(1.1 0.7 0.15)
(1.15 0.7 0.15)
(1.2 0.7 0.15)
(1.25 0.7 0.15)
(1.3 0.7 0.15)
(1.35 0.7 0.15)
(1.4 0.7 0.15)
(1.45 0.7 0.15)
(1.5 0.7 0.15)
(1 0.8 0.15)
(1.05 0.8 0.15)
(1.1 0.8 0.15)
(1.15 0.8 0.15)
(1.2 0.8 0.15)
(1.25 0.8 0.15)
(1.3 0.8 0.15)
(1.35 0.8 0.15)
(1.4 0.8 0.15)
(1.45 0.8 0.15)
(1.5 0.8 0.15)
(1 0.9 0.15)
(1.05 0.9 0.15)
(1.1 0.9 0.15)
(1.15 0.9 0.15)
(1.2 0.9 0.15)
(1.25 0.9 0.15)
(1.3 0.9 0.15)
(1.35 0.9 0.15)
(1.4 0.9 0.15)
(1.45 0.9 0.15)
(1.5 0.9 0.15)
(1 1 0.15)
(1.05 1 0.15)
(1.1 1 0.15)
(1.15 1 0.15)
(1.2 1 0.15)
(1.25 1 0.15)
(1.3 1 0.15)
(1.35 1 0.15)
(1.4 1 0.15)
(1.45 1 0.15)
(1.5 1 0.15)
(1 0 0.2)
(1.05 0 0.2)
(1.1 0 0.2)
(1.15 0 0.2)
(1.2 0 0.2)
(1.25 0 0.2)
(1.3 0 0.2)
(1.35 0 0.2)
(1.4 0 0.2)
(1.45 0 0.2)
(1.5 0 0.2)
(1 0.1 0.2)
(1.05 0.1 0.2)
(1.1 0.1 0.2)
(1.15 0.1 0.2)
(1.2 0.1 0.2)
(1.25 0.1 0.2)
(1.3 0.1 0.2)
(1.35 0.1 0.2)
(1.4 0.1 0.2)
(1.45 0.1 0.2)
(1.5 0.1 0.2)
(1 0.2 0.2)
(1.05 0.2 0.2)
(1.1 0.2 0.2)
(1.15 0.2 0.2)
(1.2 0.2 0.2)
(1.25 0.2 0.2)
(1.3 0.2 0.2)
(1.35 0.2 0.2)
(1.4 0.2 0.2)
(1.45 0.2 0.2)
(1.5 0.2 0.2)
(1 0.3 0.2)
(1.05 0.3 0.2)
(1.1 0.3 0.2)
(1.15 0.3 0.2)
(1.2 0.3 0.2)
(1.25 0.3 0.2)
(1.3 0.3 0.2)
(1.35 0.3 0.2)
(1.4 0.3 0.2)
(1.45 0.3 0.2)
(1.5 0.3 0.2)
(1 0.4 0.2)
(1.05 0.4 0.2)
(1.1 0.4 0.2)
(1.15 0.4 0.2)
(1.2 0.4 0.2)
(1.25 0.4 0.2)
(1.3 0.4 0.2)
(1.35 0.4 0.2)
(1.4 0.4 0.2)
(1.45 0.4 0.2)
(1.5 0.4 0.2)
(1 0.5 0.2)
(1.05 0.5 0.2)
(1.1 0.5 0.2)
(1.15 0.5 0.2)
(1.2 0.5 0.2)
(1.25 0.5 0.2)
(1.3 0.5 0.2)
(1.35 0.5 0.2)
(1.4 0.5 0.2)
(1.45 0.5 0.2)
(1.5 0.5 0.2)
(1 0.6 0.2)
(1.05 0.6 0.2)
(1.1 0.6 0.2)
(1.15 0.6 0.2)
(1.2 0.6 0.2)
(1.25 0.6 0.2)
(1.3 0.6 0.2)
(1.35 0.6 0.2)
(1.4 0.6 0.2)
(1.45 0.6 0.2)
(1.5 0.6 0.2)
(1 0.7 0.2)
(1.05 0.7 0.2)
(1.1 0.7 0.2)
(1.15 0.7 0.2)
(1.2 0.7 0.2)
(1.25 0.7 0.2)
(1.3 0.7 0.2)
(1.35 0.7 0.2)
(1.4 0.7 0.2)
(1.45 0.7 0.2)
(1.5 0.7 0.2)
(1 0.8 0.2)
(1.05 0.8 0.2)
(1.1 0.8 0.2)
(1.15 0.8 0.2)
(1.2 0.8 0.2)
(1.25 0.8 0.2)
(1.3 0.8 0.2)
(1.35 0.8 0.2)
(1.4 0.8 0.2)
(1.45 0.8 0.2)
(1.5 0.8 0.2)
(1 0.9 0.2)
(1.05 0.9 0.2)
(1.1 0.9 0.2)
(1.15 0.9 0.2)
(1.2 0.9 0.2)
(1.25 0.9 0.2)
(1.3 0.9 0.2)
(1.35 0.9 0.2)
(1.4 0.9 0.2)
(1.45 0.9 0.2)
(1.5 0.9 0.2)
(1 1 0.2)
(1.05 1 0.2)
(1.1 1 0.2)
(1.15 1 0.2)
(1.2 1 0.2)
(1.25 1 0.2)
(1.3 1 0.2)
(1.35 1 0.2)
(1.4 1 0.2)
(1.45 1 0.2)
(1.5 1 0.2)
(1 0 0.25)
(1.05 0 0.25)
(1.1 0 0.25)
(1.15 0 0.25)
(1.2 0 0.25)
(1.25 0 0.25)
(1.3 0 0.25)
(1.35 0 0.25)
(1.4 0 0.25)
(1.45 0 0.25)
(1.5 0 0.25)
(1 0.1 0.25)
(1.05 0.1 0.25)
(1.1 0.1 0.25)
(1.15 0.1 0.25)
(1.2 0.1 0.25)
(1.25 0.1 0.25)
(1.3 0.1 0.25)
(1.35 0.1 0.25)
(1.4 0.1 0.25)
(1.45 0.1 0.25)
(1.5 0.1 0.25)
(1 0.2 0.25)
(1.05 0.2 0.25)
(1.1 0.2 0.25)
(1.15 0.2 0.25)
(1.2 0.2 0.25)
(1.25 0.2 0.25)
(1.3 0.2 0.25)
(1.35 0.2 0.25)
(1.4 0.2 0.25)
(1.45 0.2 0.25)
(1.5 0.2 0.25)
(1 0.3 0.25)
(1.05 0.3 0.25)
(1.1 0.3 0.25)
(1.15 0.3 0.25)
(1.2 0.3 0.25)
(1.25 0.3 0.25)
(1.3 0.3 0.25)
(1.35 0.3 0.25)
(1.4 0.3 0.25)
(1.45 0.3 0.25)
(1.5 0.3 0.25)
(1 0.4 0.25)
(1.05 0.4 0.25)
(1.1 0.4 0.25)
(1.15 0.4 0.25)
(1.2 0.4 0.25)
(1.25 0.4 0.25)
(1.3 0.4 0.25)
(1.35 0.4 0.25)
(1.4 0.4 0.25)
(1.45 0.4 0.25)
(1.5 0.4 0.25)
(1 0.5 0.25)
(1.05 0.5 0.25)
(1.1 0.5 0.25)
(1.15 0.5 0.25)
(1.2 0.5 0.25)
(1.25 0.5 0.25)
(1.3 0.5 0.25)
(1.35 0.5 0.25)
(1.4 0.5 0.25)
(1.45 0.5 0.25)
(1.5 0.5 0.25)
(1 0.6 0.25)
(1.05 0.6 0.25)
(1.1 0.6 0.25)
(1.15 0.6 0.25)
(1.2 0.6 0.25)
(1.25 0.6 0.25)
(1.3 0.6 0.25)
(1.35 0.6 0.25)
(1.4 0.6 0.25)
(1.45 0.6 0.25)
(1.5 0.6 0.25)
(1 0.7 0.25)
(1.05 0.7 0.25)
(1.1 0.7 0.25)
(1.15 0.7 0.25)
(1.2 0.7 0.25)
(1.25 0.7 0.25)
(1.3 0.7 0.25)
(1.35 0.7 0.25)
(1.4 0.7 0.25)
(1.45 0.7 0.25)
(1.5 0.7 0.25)
(1 0.8 0.25)
(1.05 0.8 0.25)
(1.1 0.8 0.25)
(1.15 0.8 0.25)
(1.2 0.8 0.25)
(1.25 0.8 0.25)
(1.3 0.8 0.25)
(1.35 0.8 0.25)
(1.4 0.8 0.25)
(1.45 0.8 0.25)
(1.5 0.8 0.25)
(1 0.9 0.25)
(1.05 0.9 0.25)
(1.1 0.9 0.25)
(1.15 0.9 0.25)
(1.2 0.9 0.25)
(1.25 0.9 0.25)
(1.3 0.9 0.25)
(1.35 0.9 0.25)
(1.4 0.9 0.25)
(1.45 0.9 0.25)
(1.5 0.9 0.25)
(1 1 0.25)
(1.05 1 0.25)
(1.1 1 0.25)
(1.15 1 0.25)
(1.2 1 0.25)
(1.25 1 0.25)
(1.3 1 0.25)
(1.35 1 0.25)
(1.4 1 0.25)
(1.45 1 0.25)
(1.5 1 0.25)
(1 0 0.3)
(1.05 0 0.3)
(1.1 0 0.3)
(1.15 0 0.3)
(1.2 0 0.3)
(1.25 0 0.3)
(1.3 0 0.3)
(1.35 0 0.3)
(1.4 0 0.3)
(1.45 0 0.3)
(1.5 0 0.3)
(1 0.1 0.3)
(1.05 0.1 0.3)
(1.1 0.1 0.3)
(1.15 0.1 0.3)
(1.2 0.1 0.3)
(1.25 0.1 0.3)
(1.3 0.1 0.3)
(1.35 0.1 0.3)
(1.4 0.1 0.3)
(1.45 0.1 0.3)
(1.5 0.1 0.3)
(1 0.2 0.3)
(1.05 0.2 0.3)
(1.1 0.2 0.3)
(1.15 0.2 0.3)
(1.2 0.2 0.3)
(1.25 0.2 0.3)
(1.3 0.2 0.3)
(1.35 0.2 0.3)
(1.4 0.2 0.3)
(1.45 0.2 0.3)
(1.5 0.2 0.3)
(1 0.3 0.3)
(1.05 0.3 0.3)
(1.1 0.3 0.3)
(1.15 0.3 0.3)
(1.2 0.3 0.3)
(1.25 0.3 0.3)
(1.3 0.3 0.3)
(1.35 0.3 0.3)
(1.4 0.3 0.3)
(1.45 0.3 0.3)
(1.5 0.3 0.3)
(1 0.4 0.3)
(1.05 0.4 0.3)
(1.1 0.4 0.3)
(1.15 0.4 0.3)
(1.2 0.4 0.3)
(1.25 0.4 0.3)
(1.3 0.4 0.3)
(1.35 0.4 0.3)
(1.4 0.4 0.3)
(1.45 0.4 0.3)
(1.5 0.4 0.3)
(1 0.5 0.3)
(1.05 0.5 0.3)
(1.1 0.5 0.3)
(1.15 0.5 0.3)
(1.2 0.5 0.3)
(1.25 0.5 0.3)
(1.3 0.5 0.3)
(1.35 0.5 0.3)
(1.4 0.5 0.3)
(1.45 0.5 0.3)
(1.5 0.5 0.3)
(1 0.6 0.3)
(1.05 0.6 0.3)
(1.1 0.6 0.3)
(1.15 0.6 0.3)
(1.2 0.6 0.3)
(1.25 0.6 0.3)
(1.3 0.6 0.3)
(1.35 0.6 0.3)
(1.4 0.6 0.3)
(1.45 0.6 0.3)
(1.5 0.6 0.3)
(1 0.7 0.3)
(1.05 0.7 0.3)
(1.1 0.7 0.3)
(1.15 0.7 0.3)
(1.2 0.7 0.3)
(1.25 0.7 0.3)
(1.3 0.7 0.3)
(1.35 0.7 0.3)
(1.4 0.7 0.3)
(1.45 0.7 0.3)
(1.5 0.7 0.3)
(1 0.8 0.3)
(1.05 0.8 0.3)
(1.1 0.8 0.3)
(1.15 0.8 0.3)
(1.2 0.8 0.3)
(1.25 0.8 0.3)
(1.3 0.8 0.3)
(1.35 0.8 0.3)
(1.4 0.8 0.3)
(1.45 0.8 0.3)
(1.5 0.8 0.3)
(1 0.9 0.3)
(1.05 0.9 0.3)
(1.1 0.9 0.3)
(1.15 0.9 0.3)
(1.2 0.9 0.3)
(1.25 0.9 0.3)
(1.3 0.9 0.3)
(1.35 0.9 0.3)
(1.4 0.9 0.3)
(1.45 0.9 0.3)
(1.5 0.9 0.3)
(1 1 0.3)
(1.05 1 0.3)
(1.1 1 0.3)
(1.15 1 0.3)
(1.2 1 0.3)
(1.25 1 0.3)
(1.3 1 0.3)
(1.35 1 0.3)
(1.4 1 0.3)
(1.45 1 0.3)
(1.5 1 0.3)
(1 0 0.35)
(1.05 0 0.35)
(1.1 0 0.35)
(1.15 0 0.35)
(1.2 0 0.35)
(1.25 0 0.35)
(1.3 0 0.35)
(1.35 0 0.35)
(1.4 0 0.35)
(1.45 0 0.35)
(1.5 0 0.35)
(1 0.1 0.35)
(1.05 0.1 0.35)
(1.1 0.1 0.35)
(1.15 0.1 0.35)
(1.2 0.1 0.35)
(1.25 0.1 0.35)
(1.3 0.1 0.35)
(1.35 0.1 0.35)
(1.4 0.1 0.35)
(1.45 0.1 0.35)
(1.5 0.1 0.35)
(1 0.2 0.35)
(1.05 0.2 0.35)
(1.1 0.2 0.35)
(1.15 0.2 0.35)
(1.2 0.2 0.35)
(1.25 0.2 0.35)
(1.3 0.2 0.35)
(1.35 0.2 0.35)
(1.4 0.2 0.35)
(1.45 0.2 0.35)
(1.5 0.2 0.35)
(1 0.3 0.35)
(1.05 0.3 0.35)
(1.1 0.3 0.35)
(1.15 0.3 0.35)
(1.2 0.3 0.35)
(1.25 0.3 0.35)
(1.3 0.3 0.35)
(1.35 0.3 0.35)
(1.4 0.3 0.35)
(1.45 0.3 0.35)
(1.5 0.3 0.35)
(1 0.4 0.35)
(1.05 0.4 0.35)
(1.1 0.4 0.35)
(1.15 0.4 0.35)
(1.2 0.4 0.35)
(1.25 0.4 0.35)
(1.3 0.4 0.35)
(1.35 0.4 0.35)
(1.4 0.4 0.35)
(1.45 0.4 0.35)
(1.5 0.4 0.35)
(1 0.5 0.35)
(1.05 0.5 0.35)
(1.1 0.5 0.35)
(1.15 0.5 0.35)
(1.2 0.5 0.35)
(1.25 0.5 0.35)
(1.3 0.5 0.35)
(1.35 0.5 0.35)
(1.4 0.5 0.35)
(1.45 0.5 0.35)
(1.5 0.5 0.35)
(1 0.6 0.35)
(1.05 0.6 0.35)
(1.1 0.6 0.35)
(1.15 0.6 0.35)
(1.2 0.6 0.35)
(1.25 0.6 0.35)
(1.3 0.6 0.35)
(1.35 0.6 0.35)
(1.4 0.6 0.35)
(1.45 0.6 0.35)
(1.5 0.6 0.35)
(1 0.7 0.35)
(1.05 0.7 0.35)
(1.1 0.7 0.35)
(1.15 0.7 0.35)
(1.2 0.7 0.35)
(1.25 0.7 0.35)
(1.3 0.7 0.35)
(1.35 0.7 0.35)
(1.4 0.7 0.35)
(1.45 0.7 0.35)
(1.5 0.7 0.35)
(1 0.8 0.35)
(1.05 0.8 0.35)
(1.1 0.8 0.35)
(1.15 0.8 0.35)
(1.2 0.8 0.35)
(1.25 0.8 0.35)
(1.3 0.8 0.35)
(1.35 0.8 0.35)
(1.4 0.8 0.35)
(1.45 0.8 0.35)
(1.5 0.8 0.35)
(1 0.9 0.35)
(1.05 0.9 0.35)
(1.1 0.9 0.35)
(1.15 0.9 0.35)
(1.2 0.9 0.35)
(1.25 0.9 0.35)
(1.3 0.9 0.35)
(1.35 0.9 0.35)
(1.4 0.9 0.35)
(1.45 0.9 0.35)
(1.5 0.9 0.35)
(1 1 0.35)
(1.05 1 0.35)
(1.1 1 0.35)
(1.15 1 0.35)
(1.2 1 0.35)
(1.25 1 0.35)
(1.3 1 0.35)
(1.35 1 0.35)
(1.4 1 0.35)
(1.45 1 0.35)
(1.5 1 0.35)
(1 0 0.4)
(1.05 0 0.4)
(1.1 0 0.4)
(1.15 0 0.4)
(1.2 0 0.4)
(1.25 0 0.4)
(1.3 0 0.4)
(1.35 0 0.4)
(1.4 0 0.4)
(1.45 0 0.4)
(1.5 0 0.4)
(1 0.1 0.4)
(1.05 0.1 0.4)
(1.1 0.1 0.4)
(1.15 0.1 0.4)
(1.2 0.1 0.4)
(1.25 0.1 0.4)
(1.3 0.1 0.4)
(1.35 0.1 0.4)
(1.4 0.1 0.4)
(1.45 0.1 0.4)
(1.5 0.1 0.4)
(1 0.2 0.4)
(1.05 0.2 0.4)
(1.1 0.2 0.4)
(1.15 0.2 0.4)
(1.2 0.2 0.4)
(1.25 0.2 0.4)
(1.3 0.2 0.4)
(1.35 0.2 0.4)
(1.4 0.2 0.4)
(1.45 0.2 0.4)
(1.5 0.2 0.4)
(1 0.3 0.4)
(1.05 0.3 0.4)
(1.1 0.3 0.4)
(1.15 0.3 0.4)
(1.2 0.3 0.4)
(1.25 0.3 0.4)
(1.3 0.3 0.4)
(1.35 0.3 0.4)
(1.4 0.3 0.4)
(1.45 0.3 0.4)
(1.5 0.3 0.4)
(1 0.4 0.4)
(1.05 0.4 0.4)
(1.1 0.4 0.4)
(1.15 0.4 0.4)
(1.2 0.4 0.4)
(1.25 0.4 0.4)
(1.3 0.4 0.4)
(1.35 0.4 0.4)
(1.4 0.4 0.4)
(1.45 0.4 0.4)
(1.5 0.4 0.4)
(1 0.5 0.4)
(1.05 0.5 0.4)
(1.1 0.5 0.4)
(1.15 0.5 0.4)
(1.2 0.5 0.4)
(1.25 0.5 0.4)
(1.3 0.5 0.4)
(1.35 0.5 0.4)
(1.4 0.5 0.4)
(1.45 0.5 0.4)
(1.5 0.5 0.4)
(1 0.6 0.4)
(1.05 0.6 0.4)
(1.1 0.6 0.4)
(1.15 0.6 0.4)
(1.2 0.6 0.4)
(1.25 0.6 0.4)
(1.3 0.6 0.4)
(1.35 0.6 0.4)
(1.4 0.6 0.4)
(1.45 0.6 0.4)
(1.5 0.6 0.4)
(1 0.7 0.4)
(1.05 0.7 0.4)
(1.1 0.7 0.4)
(1.15 0.7 0.4)
(1.2 0.7 0.4)
(1.25 0.7 0.4)
(1.3 0.7 0.4)
(1.35 0.7 0.4)
(1.4 0.7 0.4)
(1.45 0.7 0.4)
(1.5 0.7 0.4)
(1 0.8 0.4)
(1.05 0.8 0.4)
(1.1 0.8 0.4)
(1.15 0.8 0.4)
(1.2 0.8 0.4)
(1.25 0.8 0.4)
(1.3 0.8 0.4)
(1.35 0.8 0.4)
(1.4 0.8 0.4)
(1.45 0.8 0.4)
(1.5 0.8 0.4)
(1 0.9 0.4)
(1.05 0.9 0.4)
(1.1 0.9 0.4)
(1.15 0.9 0.4)
(1.2 0.9 0.4)
(1.25 0.9 0.4)
(1.3 0.9 0.4)
(1.35 0.9 0.4)
(1.4 0.9 0.4)
(1.45 0.9 0.4)
(1.5 0.9 0.4)
(1 1 0.4)
(1.05 1 0.4)
(1.1 1 0.4)
(1.15 1 0.4)
(1.2 1 0.4)
(1.25 1 0.4)
(1.3 1 0.4)
(1.35 1 0.4)
(1.4 1 0.4)
(1.45 1 0.4)
(1.5 1 0.4)
(1 0 0.45)
(1.05 0 0.45)
(1.1 0 0.45)
(1.15 0 0.45)
(1.2 0 0.45)
(1.25 0 0.45)
(1.3 0 0.45)
(1.35 0 0.45)
(1.4 0 0.45)
(1.45 0 0.45)
(1.5 0 0.45)
(1 0.1 0.45)
(1.05 0.1 0.45)
(1.1 0.1 0.45)
(1.15 0.1 0.45)
(1.2 0.1 0.45)
(1.25 0.1 0.45)
(1.3 0.1 0.45)
(1.35 0.1 0.45)
(1.4 0.1 0.45)
(1.45 0.1 0.45)
(1.5 0.1 0.45)
(1 0.2 0.45)
(1.05 0.2 0.45)
(1.1 0.2 0.45)
(1.15 0.2 0.45)
(1.2 0.2 0.45)
(1.25 0.2 0.45)
(1.3 0.2 0.45)
(1.35 0.2 0.45)
(1.4 0.2 0.45)
(1.45 0.2 0.45)
(1.5 0.2 0.45)
(1 0.3 0.45)
(1.05 0.3 0.45)
(1.1 0.3 0.45)
(1.15 0.3 0.45)
(1.2 0.3 0.45)
(1.25 0.3 0.45)
(1.3 0.3 0.45)
(1.35 0.3 0.45)
(1.4 0.3 0.45)
(1.45 0.3 0.45)
(1.5 0.3 0.45)
(1 0.4 0.45)
(1.05 0.4 0.45)
(1.1 0.4 0.45)
(1.15 0.4 0.45)
(1.2 0.4 0.45)
(1.25 0.4 0.45)
(1.3 0.4 0.45)
(1.35 0.4 0.45)
(1.4 0.4 0.45)
(1.45 0.4 0.45)
(1.5 0.4 0.45)
(1 0.5 0.45)
(1.05 0.5 0.45)
(1.1 0.5 0.45)
(1.15 0.5 0.45)
(1.2 0.5 0.45)
(1.25 0.5 0.45)
(1.3 0.5 0.45)
(1.35 0.5 0.45)
(1.4 0.5 0.45)
(1.45 0.5 0.45)
(1.5 0.5 0.45)
(1 0.6 0.45)
(1.05 0.6 0.45)
(1.1 0.6 0.45)
(1.15 0.6 0.45)
(1.2 0.6 0.45)
(1.25 0.6 0.45)
(1.3 0.6 0.45)
(1.35 0.6 0.45)
(1.4 0.6 0.45)
(1.45 0.6 0.45)
(1.5 0.6 0.45)
(1 0.7 0.45)
(1.05 0.7 0.45)
(1.1 0.7 0.45)
(1.15 0.7 0.45)
(1.2 0.7 0.45)
(1.25 0.7 0.45)
(1.3 0.7 0.45)
(1.35 0.7 0.45)
(1.4 0.7 0.45)
(1.45 0.7 0.45)
(1.5 0.7 0.45)
(1 0.8 0.45)
(1.05 0.8 0.45)
(1.1 0.8 0.45)
(1.15 0.8 0.45)
(1.2 0.8 0.45)
(1.25 0.8 0.45)
(1.3 0.8 0.45)
(1.35 0.8 0.45)
(1.4 0.8 0.45)
(1.45 0.8 0.45)
(1.5 0.8 0.45)
(1 0.9 0.45)
(1.05 0.9 0.45)
(1.1 0.9 0.45)
(1.15 0.9 0.45)
(1.2 0.9 0.45)
(1.25 0.9 0.45)
(1.3 0.9 0.45)
(1.35 0.9 0.45)
(1.4 0.9 0.45)
(1.45 0.9 0.45)
(1.5 0.9 0.45)
(1 1 0.45)
(1.05 1 0.45)
(1.1 1 0.45)
(1.15 1 0.45)
(1.2 1 0.45)
(1.25 1 0.45)
(1.3 1 0.45)
(1.35 1 0.45)
(1.4 1 0.45)
(1.45 1 0.45)
(1.5 1 0.45)
(1 0 0.5)
(1.05 0 0.5)
(1.1 0 0.5)
(1.15 0 0.5)
(1.2 0 0.5)
(1.25 0 0.5)
(1.3 0 0.5)
(1.35 0 0.5)
(1.4 0 0.5)
(1.45 0 0.5)
(1.5 0 0.5)
(1 0.1 0.5)
(1.05 0.1 0.5)
(1.1 0.1 0.5)
(1.15 0.1 0.5)
(1.2 0.1 0.5)
(1.25 0.1 0.5)
(1.3 0.1 0.5)
(1.35 0.1 0.5)
(1.4 0.1 0.5)
(1.45 0.1 0.5)
(1.5 0.1 0.5)
(1 0.2 0.5)
(1.05 0.2 0.5)
(1.1 0.2 0.5)
(1.15 0.2 0.5)
(1.2 0.2 0.5)
(1.25 0.2 0.5)
(1.3 0.2 0.5)
(1.35 0.2 0.5)
(1.4 0.2 0.5)
(1.45 0.2 0.5)
(1.5 0.2 0.5)
(1 0.3 0.5)
(1.05 0.3 0.5)
(1.1 0.3 0.5)
(1.15 0.3 0.5)
(1.2 0.3 0.5)
(1.25 0.3 0.5)
(1.3 0.3 0.5)
(1.35 0.3 0.5)
(1.4 0.3 0.5)
(1.45 0.3 0.5)
(1.5 0.3 0.5)
(1 0.4 0.5)
(1.05 0.4 0.5)
(1.1 0.4 0.5)
(1.15 0.4 0.5)
(1.2 0.4 0.5)
(1.25 0.4 0.5)
(1.3 0.4 0.5)
(1.35 0.4 0.5)
(1.4 0.4 0.5)
(1.45 0.4 0.5)
(1.5 0.4 0.5)
(1 0.5 0.5)
(1.05 0.5 0.5)
(1.1 0.5 0.5)
(1.15 0.5 0.5)
(1.2 0.5 0.5)
(1.25 0.5 0.5)
(1.3 0.5 0.5)
(1.35 0.5 0.5)
(1.4 0.5 0.5)
(1.45 0.5 0.5)
(1.5 0.5 0.5)
(1 0.6 0.5)
(1.05 0.6 0.5)
(1.1 0.6 0.5)
(1.15 0.6 0.5)
(1.2 0.6 0.5)
(1.25 0.6 0.5)
(1.3 0.6 0.5)
(1.35 0.6 0.5)
(1.4 0.6 0.5)
(1.45 0.6 0.5)
(1.5 0.6 0.5)
(1 0.7 0.5)
(1.05 0.7 0.5)
(1.1 0.7 0.5)
(1.15 0.7 0.5)
(1.2 0.7 0.5)
(1.25 0.7 0.5)
(1.3 0.7 0.5)
(1.35 0.7 0.5)
(1.4 0.7 0.5)
(1.45 0.7 0.5)
(1.5 0.7 0.5)
(1 0.8 0.5)
(1.05 0.8 0.5)
(1.1 0.8 0.5)
(1.15 0.8 0.5)
(1.2 0.8 0.5)
(1.25 0.8 0.5)
(1.3 0.8 0.5)
(1.35 0.8 0.5)
(1.4 0.8 0.5)
(1.45 0.8 0.5)
(1.5 0.8 0.5)
(1 0.9 0.5)
(1.05 0.9 0.5)
(1.1 0.9 0.5)
(1.15 0.9 0.5)
(1.2 0.9 0.5)
(1.25 0.9 0.5)
(1.3 0.9 0.5)
(1.35 0.9 0.5)
(1.4 0.9 0.5)
(1.45 0.9 0.5)
(1.5 0.9 0.5)
(1 1 0.5)
(1.05 1 0.5)
(1.1 1 0.5)
(1.15 1 0.5)
(1.2 1 0.5)
(1.25 1 0.5)
(1.3 1 0.5)
(1.35 1 0.5)
(1.4 1 0.5)
(1.45 1 0.5)
(1.5 1 0.5)
(0 -0.5 0)
(0.05 -0.5 0)
(0.1 -0.5 0)
(0.15 -0.5 0)
(0.2 -0.5 0)
(0.25 -0.5 0)
(0.3 -0.5 0)
(0.35 -0.5 0)
(0.4 -0.5 0)
(0.45 -0.5 0)
(0.5 -0.5 0)
(0 -0.45 0)
(0.05 -0.45 0)
(0.1 -0.45 0)
(0.15 -0.45 0)
(0.2 -0.45 0)
(0.25 -0.45 0)
(0.3 -0.45 0)
(0.35 -0.45 0)
(0.4 -0.45 0)
(0.45 -0.45 0)
(0.5 -0.45 0)
(0 -0.4 0)
(0.05 -0.4 0)
(0.1 -0.4 0)
(0.15 -0.4 0)
(0.2 -0.4 0)
(0.25 -0.4 0)
(0.3 -0.4 0)
(0.35 -0.4 0)
(0.4 -0.4 0)
(0.45 -0.4 0)
(0.5 -0.4 0)
(0 -0.35 0)
(0.05 -0.35 0)
(0.1 -0.35 0)
(0.15 -0.35 0)
(0.2 -0.35 0)
(0.25 -0.35 0)
(0.3 -0.35 0)
(0.35 -0.35 0)
(0.4 -0.35 0)
(0.45 -0.35 0)
(0.5 -0.35 0)
(0 -0.3 0)
(0.05 -0.3 0)
(0.1 -0.3 0)
(0.15 -0.3 0)
(0.2 -0.3 0)
(0.25 -0.3 0)
(0.3 -0.3 0)
(0.35 -0.3 0)
(0.4 -0.3 0)
(0.45 -0.3 0)
(0.5 -0.3 0)
(0 -0.25 0)
(0.05 -0.25 0)
(0.1 -0.25 0)
(0.15 -0.25 0)
(0.2 -0.25 0)
(0.25 -0.25 0)
(0.3 -0.25 0)
(0.35 -0.25 0)
(0.4 -0.25 0)
(0.45 -0.25 0)
(0.5 -0.25 0)
(0 -0.2 0)
(0.05 -0.2 0)
(0.1 -0.2 0)
(0.15 -0.2 0)
(0.2 -0.2 0)
(0.25 -0.2 0)
(0.3 -0.2 0)
(0.35 -0.2 0)
(0.4 -0.2 0)
(0.45 -0.2 0)
(0.5 -0.2 0)
(0 -0.15 0)
(0.05 -0.15 0)
(0.1 -0.15 0)
(0.15 -0.15 0)
(0.2 -0.15 0)
(0.25 -0.15 0)
(0.3 -0.15 0)
(0.35 -0.15 0)
(0.4 -0.15 0)
(0.45 -0.15 0)
(0.5 -0.15 0)
(0 -0.1 0)
(0.05 -0.1 0)
(0.1 -0.1 0)
(0.15 -0.1 0)
(0.2 -0.1 0)
(0.25 -0.1 0)
(0.3 -0.1 0)
(0.35 -0.1 0)
(0.4 -0.1 0)
(0.45 -0.1 0)
(0.5 -0.1 0)
(0 -0.05 0)
(0.05 -0.05 0)
(0.1 -0.05 0)
(0.15 -0.05 0)
(0.2 -0.05 0)
(0.25 -0.05 0)
(0.3 -0.05 0)
(0.35 -0.05 0)
(0.4 -0.05 0)
(0.45 -0.05 0)
(0.5 -0.05 0)
(0 -0.5 0.05)
(0.05 -0.5 0.05)
(0.1 -0.5 0.05)
(0.15 -0.5 0.05)
(0.2 -0.5 0.05)
(0.25 -0.5 0.05)
(0.3 -0.5 0.05)
(0.35 -0.5 0.05)
(0.4 -0.5 0.05)
(0.45 -0.5 0.05)
(0.5 -0.5 0.05)
(0 -0.45 0.05)
(0.05 -0.45 0.05)
(0.1 -0.45 0.05)
(0.15 -0.45 0.05)
(0.2 -0.45 0.05)
(0.25 -0.45 0.05)
(0.3 -0.45 0.05)
(0.35 -0.45 0.05)
(0.4 -0.45 0.05)
(0.45 -0.45 0.05)
(0.5 -0.45 0.05)
(0 -0.4 0.05)
(0.05 -0.4 0.05)
(0.1 -0.4 0.05)
(0.15 -0.4 0.05)
(0.2 -0.4 0.05)
(0.25 -0.4 0.05)
(0.3 -0.4 0.05)
(0.35 -0.4 0.05)
(0.4 -0.4 0.05)
(0.45 -0.4 0.05)
(0.5 -0.4 0.05)
(0 -0.35 0.05)
(0.05 -0.35 0.05)
(0.1 -0.35 0.05)
(0.15 -0.35 0.05)
(0.2 -0.35 0.05)
(0.25 -0.35 0.05)
(0.3 -0.35 0.05)
(0.35 -0.35 0.05)
(0.4 -0.35 0.05)
(0.45 -0.35 0.05)
(0.5 -0.35 0.05)
(0 -0.3 0.05)
(0.05 -0.3 0.05)
(0.1 -0.3 0.05)
(0.15 -0.3 0.05)
(0.2 -0.3 0.05)
(0.25 -0.3 0.05)
(0.3 -0.3 0.05)
(0.35 -0.3 0.05)
(0.4 -0.3 0.05)
(0.45 -0.3 0.05)
(0.5 -0.3 0.05)
(0 -0.25 0.05)
(0.05 -0.25 0.05)
(0.1 -0.25 0.05)
(0.15 -0.25 0.05)
(0.2 -0.25 0.05)
(0.25 -0.25 0.05)
(0.3 -0.25 0.05)
(0.35 -0.25 0.05)
(0.4 -0.25 0.05)
(0.45 -0.25 0.05)
(0.5 -0.25 0.05)
(0 -0.2 0.05)
(0.05 -0.2 0.05)
(0.1 -0.2 0.05)
(0.15 -0.2 0.05)
(0.2 -0.2 0.05)
(0.25 -0.2 0.05)
(0.3 -0.2 0.05)
(0.35 -0.2 0.05)
(0.4 -0.2 0.05)
(0.45 -0.2 0.05)
(0.5 -0.2 0.05)
(0 -0.15 0.05)
(0.05 -0.15 0.05)
(0.1 -0.15 0.05)
(0.15 -0.15 0.05)
(0.2 -0.15 0.05)
(0.25 -0.15 0.05)
(0.3 -0.15 0.05)
(0.35 -0.15 0.05)
(0.4 -0.15 0.05)
(0.45 -0.15 0.05)
(0.5 -0.15 0.05)
(0 -0.1 0.05)
(0.05 -0.1 0.05)
(0.1 -0.1 0.05)
(0.15 -0.1 0.05)
(0.2 -0.1 0.05)
(0.25 -0.1 0.05)
(0.3 -0.1 0.05)
(0.35 -0.1 0.05)
(0.4 -0.1 0.05)
(0.45 -0.1 0.05)
(0.5 -0.1 0.05)
(0 -0.05 0.05)
(0.05 -0.05 0.05)
(0.1 -0.05 0.05)
(0.15 -0.05 0.05)
(0.2 -0.05 0.05)
(0.25 -0.05 0.05)
(0.3 -0.05 0.05)
(0.35 -0.05 0.05)
(0.4 -0.05 0.05)
(0.45 -0.05 0.05)
(0.5 -0.05 0.05)
(0 -0.5 0.1)
(0.05 -0.5 0.1)
(0.1 -0.5 0.1)
(0.15 -0.5 0.1)
(0.2 -0.5 0.1)
(0.25 -0.5 0.1)
(0.3 -0.5 0.1)
(0.35 -0.5 0.1)
(0.4 -0.5 0.1)
(0.45 -0.5 0.1)
(0.5 -0.5 0.1)
(0 -0.45 0.1)
(0.05 -0.45 0.1)
(0.1 -0.45 0.1)
(0.15 -0.45 0.1)
(0.2 -0.45 0.1)
(0.25 -0.45 0.1)
(0.3 -0.45 0.1)
(0.35 -0.45 0.1)
(0.4 -0.45 0.1)
(0.45 -0.45 0.1)
(0.5 -0.45 0.1)
(0 -0.4 0.1)
(0.05 -0.4 0.1)
(0.1 -0.4 0.1)
(0.15 -0.4 0.1)
(0.2 -0.4 0.1)
(0.25 -0.4 0.1)
(0.3 -0.4 0.1)
(0.35 -0.4 0.1)
(0.4 -0.4 0.1)
(0.45 -0.4 0.1)
(0.5 -0.4 0.1)
(0 -0.35 0.1)
(0.05 -0.35 0.1)
(0.1 -0.35 0.1)
(0.15 -0.35 0.1)
(0.2 -0.35 0.1)
(0.25 -0.35 0.1)
(0.3 -0.35 0.1)
(0.35 -0.35 0.1)
(0.4 -0.35 0.1)
(0.45 -0.35 0.1)
(0.5 -0.35 0.1)
(0 -0.3 0.1)
(0.05 -0.3 0.1)
(0.1 -0.3 0.1)
(0.15 -0.3 0.1)
(0.2 -0.3 0.1)
(0.25 -0.3 0.1)
(0.3 -0.3 0.1)
(0.35 -0.3 0.1)
(0.4 -0.3 0.1)
(0.45 -0.3 0.1)
(0.5 -0.3 0.1)
(0 -0.25 0.1)
(0.05 -0.25 0.1)
(0.1 -0.25 0.1)
(0.15 -0.25 0.1)
(0.2 -0.25 0.1)
(0.25 -0.25 0.1)
(0.3 -0.25 0.1)
(0.35 -0.25 0.1)
(0.4 -0.25 0.1)
(0.45 -0.25 0.1)
(0.5 -0.25 0.1)
(0 -0.2 0.1)
(0.05 -0.2 0.1)
(0.1 -0.2 0.1)
(0.15 -0.2 0.1)
(0.2 -0.2 0.1)
(0.25 -0.2 0.1)
(0.3 -0.2 0.1)
(0.35 -0.2 0.1)
(0.4 -0.2 0.1)
(0.45 -0.2 0.1)
(0.5 -0.2 0.1)
(0 -0.15 0.1)
(0.05 -0.15 0.1)
(0.1 -0.15 0.1)
(0.15 -0.15 0.1)
(0.2 -0.15 0.1)
(0.25 -0.15 0.1)
(0.3 -0.15 0.1)
(0.35 -0.15 0.1)
(0.4 -0.15 0.1)
(0.45 -0.15 0.1)
(0.5 -0.15 0.1)
(0 -0.1 0.1)
(0.05 -0.1 0.1)
(0.1 -0.1 0.1)
(0.15 -0.1 0.1)
(0.2 -0.1 0.1)
(0.25 -0.1 0.1)
(0.3 -0.1 0.1)
(0.35 -0.1 0.1)
(0.4 -0.1 0.1)
(0.45 -0.1 0.1)
(0.5 -0.1 0.1)
(0 -0.05 0.1)
(0.05 -0.05 0.1)
(0.1 -0.05 0.1)
(0.15 -0.05 0.1)
(0.2 -0.05 0.1)
(0.25 -0.05 0.1)
(0.3 -0.05 0.1)
(0.35 -0.05 0.1)
(0.4 -0.05 0.1)
(0.45 -0.05 0.1)
(0.5 -0.05 0.1)
(0 -0.5 0.15)
(0.05 -0.5 0.15)
(0.1 -0.5 0.15)
(0.15 -0.5 0.15)
(0.2 -0.5 0.15)
(0.25 -0.5 0.15)
(0.3 -0.5 0.15)
(0.35 -0.5 0.15)
(0.4 -0.5 0.15)
(0.45 -0.5 0.15)
(0.5 -0.5 0.15)
(0 -0.45 0.15)
(0.05 -0.45 0.15)
(0.1 -0.45 0.15)
(0.15 -0.45 0.15)
(0.2 -0.45 0.15)
(0.25 -0.45 0.15)
(0.3 -0.45 0.15)
(0.35 -0.45 0.15)
(0.4 -0.45 0.15)
(0.45 -0.45 0.15)
(0.5 -0.45 0.15)
(0 -0.4 0.15)
(0.05 -0.4 0.15)
(0.1 -0.4 0.15)
(0.15 -0.4 0.15)
(0.2 -0.4 0.15)
(0.25 -0.4 0.15)
(0.3 -0.4 0.15)
(0.35 -0.4 0.15)
(0.4 -0.4 0.15)
(0.45 -0.4 0.15)
(0.5 -0.4 0.15)
(0 -0.35 0.15)
(0.05 -0.35 0.15)
(0.1 -0.35 0.15)
(0.15 -0.35 0.15)
(0.2 -0.35 0.15)
(0.25 -0.35 0.15)
(0.3 -0.35 0.15)
(0.35 -0.35 0.15)
(0.4 -0.35 0.15)
(0.45 -0.35 0.15)
(0.5 -0.35 0.15)
(0 -0.3 0.15)
(0.05 -0.3 0.15)
(0.1 -0.3 0.15)
(0.15 -0.3 0.15)
(0.2 -0.3 0.15)
(0.25 -0.3 0.15)
(0.3 -0.3 0.15)
(0.35 -0.3 0.15)
(0.4 -0.3 0.15)
(0.45 -0.3 0.15)
(0.5 -0.3 0.15)
(0 -0.25 0.15)
(0.05 -0.25 0.15)
(0.1 -0.25 0.15)
(0.15 -0.25 0.15)
(0.2 -0.25 0.15)
(0.25 -0.25 0.15)
(0.3 -0.25 0.15)
(0.35 -0.25 0.15)
(0.4 -0.25 0.15)
(0.45 -0.25 0.15)
(0.5 -0.25 0.15)
(0 -0.2 0.15)
(0.05 -0.2 0.15)
(0.1 -0.2 0.15)
(0.15 -0.2 0.15)
(0.2 -0.2 0.15)
(0.25 -0.2 0.15)
(0.3 -0.2 0.15)
(0.35 -0.2 0.15)
(0.4 -0.2 0.15)
(0.45 -0.2 0.15)
(0.5 -0.2 0.15)
(0 -0.15 0.15)
(0.05 -0.15 0.15)
(0.1 -0.15 0.15)
(0.15 -0.15 0.15)
(0.2 -0.15 0.15)
(0.25 -0.15 0.15)
(0.3 -0.15 0.15)
(0.35 -0.15 0.15)
(0.4 -0.15 0.15)
(0.45 -0.15 0.15)
(0.5 -0.15 0.15)
(0 -0.1 0.15)
(0.05 -0.1 0.15)
(0.1 -0.1 0.15)
(0.15 -0.1 0.15)
(0.2 -0.1 0.15)
(0.25 -0.1 0.15)
(0.3 -0.1 0.15)
(0.35 -0.1 0.15)
(0.4 -0.1 0.15)
(0.45 -0.1 0.15)
(0.5 -0.1 0.15)
(0 -0.05 0.15)
(0.05 -0.05 0.15)
(0.1 -0.05 0.15)
(0.15 -0.05 0.15)
(0.2 -0.05 0.15)
(0.25 -0.05 0.15)
(0.3 -0.05 0.15)
(0.35 -0.05 0.15)
(0.4 -0.05 0.15)
(0.45 -0.05 0.15)
(0.5 -0.05 0.15)
(0 -0.5 0.2)
(0.05 -0.5 0.2)
(0.1 -0.5 0.2)
(0.15 -0.5 0.2)
(0.2 -0.5 0.2)
(0.25 -0.5 0.2)
(0.3 -0.5 0.2)
(0.35 -0.5 0.2)
(0.4 -0.5 0.2)
(0.45 -0.5 0.2)
(0.5 -0.5 0.2)
(0 -0.45 0.2)
(0.05 -0.45 0.2)
(0.1 -0.45 0.2)
(0.15 -0.45 0.2)
(0.2 -0.45 0.2)
(0.25 -0.45 0.2)
(0.3 -0.45 0.2)
(0.35 -0.45 0.2)
(0.4 -0.45 0.2)
(0.45 -0.45 0.2)
(0.5 -0.45 0.2)
(0 -0.4 0.2)
(0.05 -0.4 0.2)
(0.1 -0.4 0.2)
(0.15 -0.4 0.2)
(0.2 -0.4 0.2)
(0.25 -0.4 0.2)
(0.3 -0.4 0.2)
(0.35 -0.4 0.2)
(0.4 -0.4 0.2)
(0.45 -0.4 0.2)
(0.5 -0.4 0.2)
(0 -0.35 0.2)
(0.05 -0.35 0.2)
(0.1 -0.35 0.2)
(0.15 -0.35 0.2)
(0.2 -0.35 0.2)
(0.25 -0.35 0.2)
(0.3 -0.35 0.2)
(0.35 -0.35 0.2)
(0.4 -0.35 0.2)
(0.45 -0.35 0.2)
(0.5 -0.35 0.2)
(0 -0.3 0.2)
(0.05 -0.3 0.2)
(0.1 -0.3 0.2)
(0.15 -0.3 0.2)
(0.2 -0.3 0.2)
(0.25 -0.3 0.2)
(0.3 -0.3 0.2)
(0.35 -0.3 0.2)
(0.4 -0.3 0.2)
(0.45 -0.3 0.2)
(0.5 -0.3 0.2)
(0 -0.25 0.2)
(0.05 -0.25 0.2)
(0.1 -0.25 0.2)
(0.15 -0.25 0.2)
(0.2 -0.25 0.2)
(0.25 -0.25 0.2)
(0.3 -0.25 0.2)
(0.35 -0.25 0.2)
(0.4 -0.25 0.2)
(0.45 -0.25 0.2)
(0.5 -0.25 0.2)
(0 -0.2 0.2)
(0.05 -0.2 0.2)
(0.1 -0.2 0.2)
(0.15 -0.2 0.2)
(0.2 -0.2 0.2)
(0.25 -0.2 0.2)
(0.3 -0.2 0.2)
(0.35 -0.2 0.2)
(0.4 -0.2 0.2)
(0.45 -0.2 0.2)
(0.5 -0.2 0.2)
(0 -0.15 0.2)
(0.05 -0.15 0.2)
(0.1 -0.15 0.2)
(0.15 -0.15 0.2)
(0.2 -0.15 0.2)
(0.25 -0.15 0.2)
(0.3 -0.15 0.2)
(0.35 -0.15 0.2)
(0.4 -0.15 0.2)
(0.45 -0.15 0.2)
(0.5 -0.15 0.2)
(0 -0.1 0.2)
(0.05 -0.1 0.2)
(0.1 -0.1 0.2)
(0.15 -0.1 0.2)
(0.2 -0.1 0.2)
(0.25 -0.1 0.2)
(0.3 -0.1 0.2)
(0.35 -0.1 0.2)
(0.4 -0.1 0.2)
(0.45 -0.1 0.2)
(0.5 -0.1 0.2)
(0 -0.05 0.2)
(0.05 -0.05 0.2)
(0.1 -0.05 0.2)
(0.15 -0.05 0.2)
(0.2 -0.05 0.2)
(0.25 -0.05 0.2)
(0.3 -0.05 0.2)
(0.35 -0.05 0.2)
(0.4 -0.05 0.2)
(0.45 -0.05 0.2)
(0.5 -0.05 0.2)
(0 -0.5 0.25)
(0.05 -0.5 0.25)
(0.1 -0.5 0.25)
(0.15 -0.5 0.25)
(0.2 -0.5 0.25)
(0.25 -0.5 0.25)
(0.3 -0.5 0.25)
(0.35 -0.5 0.25)
(0.4 -0.5 0.25)
(0.45 -0.5 0.25)
(0.5 -0.5 0.25)
(0 -0.45 0.25)
(0.05 -0.45 0.25)
(0.1 -0.45 0.25)
(0.15 -0.45 0.25)
(0.2 -0.45 0.25)
(0.25 -0.45 0.25)
(0.3 -0.45 0.25)
(0.35 -0.45 0.25)
(0.4 -0.45 0.25)
(0.45 -0.45 0.25)
(0.5 -0.45 0.25)
(0 -0.4 0.25)
(0.05 -0.4 0.25)
(0.1 -0.4 0.25)
(0.15 -0.4 0.25)
(0.2 -0.4 0.25)
(0.25 -0.4 0.25)
(0.3 -0.4 0.25)
(0.35 -0.4 0.25)
(0.4 -0.4 0.25)
(0.45 -0.4 0.25)
(0.5 -0.4 0.25)
(0 -0.35 0.25)
(0.05 -0.35 0.25)
(0.1 -0.35 0.25)
(0.15 -0.35 0.25)
(0.2 -0.35 0.25)
(0.25 -0.35 0.25)
(0.3 -0.35 0.25)
(0.35 -0.35 0.25)
(0.4 -0.35 0.25)
(0.45 -0.35 0.25)
(0.5 -0.35 0.25)
(0 -0.3 0.25)
(0.05 -0.3 0.25)
(0.1 -0.3 0.25)
(0.15 -0.3 0.25)
(0.2 -0.3 0.25)
(0.25 -0.3 0.25)
(0.3 -0.3 0.25)
(0.35 -0.3 0.25)
(0.4 -0.3 0.25)
(0.45 -0.3 0.25)
(0.5 -0.3 0.25)
(0 -0.25 0.25)
(0.05 -0.25 0.25)
(0.1 -0.25 0.25)
(0.15 -0.25 0.25)
(0.2 -0.25 0.25)
(0.25 -0.25 0.25)
(0.3 -0.25 0.25)
(0.35 -0.25 0.25)
(0.4 -0.25 0.25)
(0.45 -0.25 0.25)
(0.5 -0.25 0.25)
(0 -0.2 0.25)
(0.05 -0.2 0.25)
(0.1 -0.2 0.25)
(0.15 -0.2 0.25)
(0.2 -0.2 0.25)
(0.25 -0.2 0.25)
(0.3 -0.2 0.25)
(0.35 -0.2 0.25)
(0.4 -0.2 0.25)
(0.45 -0.2 0.25)
(0.5 -0.2 0.25)
(0 -0.15 0.25)
(0.05 -0.15 0.25)
(0.1 -0.15 0.25)
(0.15 -0.15 0.25)
(0.2 -0.15 0.25)
(0.25 -0.15 0.25)
(0.3 -0.15 0.25)
(0.35 -0.15 0.25)
(0.4 -0.15 0.25)
(0.45 -0.15 0.25)
(0.5 -0.15 0.25)
(0 -0.1 0.25)
(0.05 -0.1 0.25)
(0.1 -0.1 0.25)
(0.15 -0.1 0.25)
(0.2 -0.1 0.25)
(0.25 -0.1 0.25)
(0.3 -0.1 0.25)
(0.35 -0.1 0.25)
(0.4 -0.1 0.25)
(0.45 -0.1 0.25)
(0.5 -0.1 0.25)
(0 -0.05 0.25)
(0.05 -0.05 0.25)
(0.1 -0.05 0.25)
(0.15 -0.05 0.25)
(0.2 -0.05 0.25)
(0.25 -0.05 0.25)
(0.3 -0.05 0.25)
(0.35 -0.05 0.25)
(0.4 -0.05 0.25)
(0.45 -0.05 0.25)
(0.5 -0.05 0.25)
(0 -0.5 0.3)
(0.05 -0.5 0.3)
(0.1 -0.5 0.3)
(0.15 -0.5 0.3)
(0.2 -0.5 0.3)
(0.25 -0.5 0.3)
(0.3 -0.5 0.3)
(0.35 -0.5 0.3)
(0.4 -0.5 0.3)
(0.45 -0.5 0.3)
(0.5 -0.5 0.3)
(0 -0.45 0.3)
(0.05 -0.45 0.3)
(0.1 -0.45 0.3)
(0.15 -0.45 0.3)
(0.2 -0.45 0.3)
(0.25 -0.45 0.3)
(0.3 -0.45 0.3)
(0.35 -0.45 0.3)
(0.4 -0.45 0.3)
(0.45 -0.45 0.3)
(0.5 -0.45 0.3)
(0 -0.4 0.3)
(0.05 -0.4 0.3)
(0.1 -0.4 0.3)
(0.15 -0.4 0.3)
(0.2 -0.4 0.3)
(0.25 -0.4 0.3)
(0.3 -0.4 0.3)
(0.35 -0.4 0.3)
(0.4 -0.4 0.3)
(0.45 -0.4 0.3)
(0.5 -0.4 0.3)
(0 -0.35 0.3)
(0.05 -0.35 0.3)
(0.1 -0.35 0.3)
(0.15 -0.35 0.3)
(0.2 -0.35 0.3)
(0.25 -0.35 0.3)
(0.3 -0.35 0.3)
(0.35 -0.35 0.3)
(0.4 -0.35 0.3)
(0.45 -0.35 0.3)
(0.5 -0.35 0.3)
(0 -0.3 0.3)
(0.05 -0.3 0.3)
(0.1 -0.3 0.3)
(0.15 -0.3 0.3)
(0.2 -0.3 0.3)
(0.25 -0.3 0.3)
(0.3 -0.3 0.3)
(0.35 -0.3 0.3)
(0.4 -0.3 0.3)
(0.45 -0.3 0.3)
(0.5 -0.3 0.3)
(0 -0.25 0.3)
(0.05 -0.25 0.3)
(0.1 -0.25 0.3)
(0.15 -0.25 0.3)
(0.2 -0.25 0.3)
(0.25 -0.25 0.3)
(0.3 -0.25 0.3)
(0.35 -0.25 0.3)
(0.4 -0.25 0.3)
(0.45 -0.25 0.3)
(0.5 -0.25 0.3)
(0 -0.2 0.3)
(0.05 -0.2 0.3)
(0.1 -0.2 0.3)
(0.15 -0.2 0.3)
(0.2 -0.2 0.3)
(0.25 -0.2 0.3)
(0.3 -0.2 0.3)
(0.35 -0.2 0.3)
(0.4 -0.2 0.3)
(0.45 -0.2 0.3)
(0.5 -0.2 0.3)
(0 -0.15 0.3)
(0.05 -0.15 0.3)
(0.1 -0.15 0.3)
(0.15 -0.15 0.3)
(0.2 -0.15 0.3)
(0.25 -0.15 0.3)
(0.3 -0.15 0.3)
(0.35 -0.15 0.3)
(0.4 -0.15 0.3)
(0.45 -0.15 0.3)
(0.5 -0.15 0.3)
(0 -0.1 0.3)
(0.05 -0.1 0.3)
(0.1 -0.1 0.3)
(0.15 -0.1 0.3)
(0.2 -0.1 0.3)
(0.25 -0.1 0.3)
(0.3 -0.1 0.3)
(0.35 -0.1 0.3)
(0.4 -0.1 0.3)
(0.45 -0.1 0.3)
(0.5 -0.1 0.3)
(0 -0.05 0.3)
(0.05 -0.05 0.3)
(0.1 -0.05 0.3)
(0.15 -0.05 0.3)
(0.2 -0.05 0.3)
(0.25 -0.05 0.3)
(0.3 -0.05 0.3)
(0.35 -0.05 0.3)
(0.4 -0.05 0.3)
(0.45 -0.05 0.3)
(0.5 -0.05 0.3)
(0 -0.5 0.35)
(0.05 -0.5 0.35)
(0.1 -0.5 0.35)
(0.15 -0.5 0.35)
(0.2 -0.5 0.35)
(0.25 -0.5 0.35)
(0.3 -0.5 0.35)
(0.35 -0.5 0.35)
(0.4 -0.5 0.35)
(0.45 -0.5 0.35)
(0.5 -0.5 0.35)
(0 -0.45 0.35)
(0.05 -0.45 0.35)
(0.1 -0.45 0.35)
(0.15 -0.45 0.35)
(0.2 -0.45 0.35)
(0.25 -0.45 0.35)
(0.3 -0.45 0.35)
(0.35 -0.45 0.35)
(0.4 -0.45 0.35)
(0.45 -0.45 0.35)
(0.5 -0.45 0.35)
(0 -0.4 0.35)
(0.05 -0.4 0.35)
(0.1 -0.4 0.35)
(0.15 -0.4 0.35)
(0.2 -0.4 0.35)
(0.25 -0.4 0.35)
(0.3 -0.4 0.35)
(0.35 -0.4 0.35)
(0.4 -0.4 0.35)
(0.45 -0.4 0.35)
(0.5 -0.4 0.35)
(0 -0.35 0.35)
(0.05 -0.35 0.35)
(0.1 -0.35 0.35)
(0.15 -0.35 0.35)
(0.2 -0.35 0.35)
(0.25 -0.35 0.35)
(0.3 -0.35 0.35)
(0.35 -0.35 0.35)
(0.4 -0.35 0.35)
(0.45 -0.35 0.35)
(0.5 -0.35 0.35)
(0 -0.3 0.35)
(0.05 -0.3 0.35)
(0.1 -0.3 0.35)
(0.15 -0.3 0.35)
(0.2 -0.3 0.35)
(0.25 -0.3 0.35)
(0.3 -0.3 0.35)
(0.35 -0.3 0.35)
(0.4 -0.3 0.35)
(0.45 -0.3 0.35)
(0.5 -0.3 0.35)
(0 -0.25 0.35)
(0.05 -0.25 0.35)
(0.1 -0.25 0.35)
(0.15 -0.25 0.35)
(0.2 -0.25 0.35)
(0.25 -0.25 0.35)
(0.3 -0.25 0.35)
(0.35 -0.25 0.35)
(0.4 -0.25 0.35)
(0.45 -0.25 0.35)
(0.5 -0.25 0.35)
(0 -0.2 0.35)
(0.05 -0.2 0.35)
(0.1 -0.2 0.35)
(0.15 -0.2 0.35)
(0.2 -0.2 0.35)
(0.25 -0.2 0.35)
(0.3 -0.2 0.35)
(0.35 -0.2 0.35)
(0.4 -0.2 0.35)
(0.45 -0.2 0.35)
(0.5 -0.2 0.35)
(0 -0.15 0.35)
(0.05 -0.15 0.35)
(0.1 -0.15 0.35)
(0.15 -0.15 0.35)
(0.2 -0.15 0.35)
(0.25 -0.15 0.35)
(0.3 -0.15 0.35)
(0.35 -0.15 0.35)
(0.4 -0.15 0.35)
(0.45 -0.15 0.35)
(0.5 -0.15 0.35)
(0 -0.1 0.35)
(0.05 -0.1 0.35)
(0.1 -0.1 0.35)
(0.15 -0.1 0.35)
(0.2 -0.1 0.35)
(0.25 -0.1 0.35)
(0.3 -0.1 0.35)
(0.35 -0.1 0.35)
(0.4 -0.1 0.35)
(0.45 -0.1 0.35)
(0.5 -0.1 0.35)
(0 -0.05 0.35)
(0.05 -0.05 0.35)
(0.1 -0.05 0.35)
(0.15 -0.05 0.35)
(0.2 -0.05 0.35)
(0.25 -0.05 0.35)
(0.3 -0.05 0.35)
(0.35 -0.05 0.35)
(0.4 -0.05 0.35)
(0.45 -0.05 0.35)
(0.5 -0.05 0.35)
(0 -0.5 0.4)
(0.05 -0.5 0.4)
(0.1 -0.5 0.4)
(0.15 -0.5 0.4)
(0.2 -0.5 0.4)
(0.25 -0.5 0.4)
(0.3 -0.5 0.4)
(0.35 -0.5 0.4)
(0.4 -0.5 0.4)
(0.45 -0.5 0.4)
(0.5 -0.5 0.4)
(0 -0.45 0.4)
(0.05 -0.45 0.4)
(0.1 -0.45 0.4)
(0.15 -0.45 0.4)
(0.2 -0.45 0.4)
(0.25 -0.45 0.4)
(0.3 -0.45 0.4)
(0.35 -0.45 0.4)
(0.4 -0.45 0.4)
(0.45 -0.45 0.4)
(0.5 -0.45 0.4)
(0 -0.4 0.4)
(0.05 -0.4 0.4)
(0.1 -0.4 0.4)
(0.15 -0.4 0.4)
(0.2 -0.4 0.4)
(0.25 -0.4 0.4)
(0.3 -0.4 0.4)
(0.35 -0.4 0.4)
(0.4 -0.4 0.4)
(0.45 -0.4 0.4)
(0.5 -0.4 0.4)
(0 -0.35 0.4)
(0.05 -0.35 0.4)
(0.1 -0.35 0.4)
(0.15 -0.35 0.4)
(0.2 -0.35 0.4)
(0.25 -0.35 0.4)
(0.3 -0.35 0.4)
(0.35 -0.35 0.4)
(0.4 -0.35 0.4)
(0.45 -0.35 0.4)
(0.5 -0.35 0.4)
(0 -0.3 0.4)
(0.05 -0.3 0.4)
(0.1 -0.3 0.4)
(0.15 -0.3 0.4)
(0.2 -0.3 0.4)
(0.25 -0.3 0.4)
(0.3 -0.3 0.4)
(0.35 -0.3 0.4)
(0.4 -0.3 0.4)
(0.45 -0.3 0.4)
(0.5 -0.3 0.4)
(0 -0.25 0.4)
(0.05 -0.25 0.4)
(0.1 -0.25 0.4)
(0.15 -0.25 0.4)
(0.2 -0.25 0.4)
(0.25 -0.25 0.4)
(0.3 -0.25 0.4)
(0.35 -0.25 0.4)
(0.4 -0.25 0.4)
(0.45 -0.25 0.4)
(0.5 -0.25 0.4)
(0 -0.2 0.4)
(0.05 -0.2 0.4)
(0.1 -0.2 0.4)
(0.15 -0.2 0.4)
(0.2 -0.2 0.4)
(0.25 -0.2 0.4)
(0.3 -0.2 0.4)
(0.35 -0.2 0.4)
(0.4 -0.2 0.4)
(0.45 -0.2 0.4)
(0.5 -0.2 0.4)
(0 -0.15 0.4)
(0.05 -0.15 0.4)
(0.1 -0.15 0.4)
(0.15 -0.15 0.4)
(0.2 -0.15 0.4)
(0.25 -0.15 0.4)
(0.3 -0.15 0.4)
(0.35 -0.15 0.4)
(0.4 -0.15 0.4)
(0.45 -0.15 0.4)
(0.5 -0.15 0.4)
(0 -0.1 0.4)
(0.05 -0.1 0.4)
(0.1 -0.1 0.4)
(0.15 -0.1 0.4)
(0.2 -0.1 0.4)
(0.25 -0.1 0.4)
(0.3 -0.1 0.4)
(0.35 -0.1 0.4)
(0.4 -0.1 0.4)
(0.45 -0.1 0.4)
(0.5 -0.1 0.4)
(0 -0.05 0.4)
(0.05 -0.05 0.4)
(0.1 -0.05 0.4)
(0.15 -0.05 0.4)
(0.2 -0.05 0.4)
(0.25 -0.05 0.4)
(0.3 -0.05 0.4)
(0.35 -0.05 0.4)
(0.4 -0.05 0.4)
(0.45 -0.05 0.4)
(0.5 -0.05 0.4)
(0 -0.5 0.45)
(0.05 -0.5 0.45)
(0.1 -0.5 0.45)
(0.15 -0.5 0.45)
(0.2 -0.5 0.45)
(0.25 -0.5 0.45)
(0.3 -0.5 0.45)
(0.35 -0.5 0.45)
(0.4 -0.5 0.45)
(0.45 -0.5 0.45)
(0.5 -0.5 0.45)
(0 -0.45 0.45)
(0.05 -0.45 0.45)
(0.1 -0.45 0.45)
(0.15 -0.45 0.45)
(0.2 -0.45 0.45)
(0.25 -0.45 0.45)
(0.3 -0.45 0.45)
(0.35 -0.45 0.45)
(0.4 -0.45 0.45)
(0.45 -0.45 0.45)
(0.5 -0.45 0.45)
(0 -0.4 0.45)
(0.05 -0.4 0.45)
(0.1 -0.4 0.45)
(0.15 -0.4 0.45)
(0.2 -0.4 0.45)
(0.25 -0.4 0.45)
(0.3 -0.4 0.45)
(0.35 -0.4 0.45)
(0.4 -0.4 0.45)
(0.45 -0.4 0.45)
(0.5 -0.4 0.45)
(0 -0.35 0.45)
(0.05 -0.35 0.45)
(0.1 -0.35 0.45)
(0.15 -0.35 0.45)
(0.2 -0.35 0.45)
(0.25 -0.35 0.45)
(0.3 -0.35 0.45)
(0.35 -0.35 0.45)
(0.4 -0.35 0.45)
(0.45 -0.35 0.45)
(0.5 -0.35 0.45)
(0 -0.3 0.45)
(0.05 -0.3 0.45)
(0.1 -0.3 0.45)
(0.15 -0.3 0.45)
(0.2 -0.3 0.45)
(0.25 -0.3 0.45)
(0.3 -0.3 0.45)
(0.35 -0.3 0.45)
(0.4 -0.3 0.45)
(0.45 -0.3 0.45)
(0.5 -0.3 0.45)
(0 -0.25 0.45)
(0.05 -0.25 0.45)
(0.1 -0.25 0.45)
(0.15 -0.25 0.45)
(0.2 -0.25 0.45)
(0.25 -0.25 0.45)
(0.3 -0.25 0.45)
(0.35 -0.25 0.45)
(0.4 -0.25 0.45)
(0.45 -0.25 0.45)
(0.5 -0.25 0.45)
(0 -0.2 0.45)
(0.05 -0.2 0.45)
(0.1 -0.2 0.45)
(0.15 -0.2 0.45)
(0.2 -0.2 0.45)
(0.25 -0.2 0.45)
(0.3 -0.2 0.45)
(0.35 -0.2 0.45)
(0.4 -0.2 0.45)
(0.45 -0.2 0.45)
(0.5 -0.2 0.45)
(0 -0.15 0.45)
(0.05 -0.15 0.45)
(0.1 -0.15 0.45)
(0.15 -0.15 0.45)
(0.2 -0.15 0.45)
(0.25 -0.15 0.45)
(0.3 -0.15 0.45)
(0.35 -0.15 0.45)
(0.4 -0.15 0.45)
(0.45 -0.15 0.45)
(0.5 -0.15 0.45)
(0 -0.1 0.45)
(0.05 -0.1 0.45)
(0.1 -0.1 0.45)
(0.15 -0.1 0.45)
(0.2 -0.1 0.45)
(0.25 -0.1 0.45)
(0.3 -0.1 0.45)
(0.35 -0.1 0.45)
(0.4 -0.1 0.45)
(0.45 -0.1 0.45)
(0.5 -0.1 0.45)
(0 -0.05 0.45)
(0.05 -0.05 0.45)
(0.1 -0.05 0.45)
(0.15 -0.05 0.45)
(0.2 -0.05 0.45)
(0.25 -0.05 0.45)
(0.3 -0.05 0.45)
(0.35 -0.05 0.45)
(0.4 -0.05 0.45)
(0.45 -0.05 0.45)
(0.5 -0.05 0.45)
(0 -0.5 0.5)
(0.05 -0.5 0.5)
(0.1 -0.5 0.5)
(0.15 -0.5 0.5)
(0.2 -0.5 0.5)
(0.25 -0.5 0.5)
(0.3 -0.5 0.5)
(0.35 -0.5 0.5)
(0.4 -0.5 0.5)
(0.45 -0.5 0.5)
(0.5 -0.5 0.5)
(0 -0.45 0.5)
(0.05 -0.45 0.5)
(0.1 -0.45 0.5)
(0.15 -0.45 0.5)
(0.2 -0.45 0.5)
(0.25 -0.45 0.5)
(0.3 -0.45 0.5)
(0.35 -0.45 0.5)
(0.4 -0.45 0.5)
(0.45 -0.45 0.5)
(0.5 -0.45 0.5)
(0 -0.4 0.5)
(0.05 -0.4 0.5)
(0.1 -0.4 0.5)
(0.15 -0.4 0.5)
(0.2 -0.4 0.5)
(0.25 -0.4 0.5)
(0.3 -0.4 0.5)
(0.35 -0.4 0.5)
(0.4 -0.4 0.5)
(0.45 -0.4 0.5)
(0.5 -0.4 0.5)
(0 -0.35 0.5)
(0.05 -0.35 0.5)
(0.1 -0.35 0.5)
(0.15 -0.35 0.5)
(0.2 -0.35 0.5)
(0.25 -0.35 0.5)
(0.3 -0.35 0.5)
(0.35 -0.35 0.5)
(0.4 -0.35 0.5)
(0.45 -0.35 0.5)
(0.5 -0.35 0.5)
(0 -0.3 0.5)
(0.05 -0.3 0.5)
(0.1 -0.3 0.5)
(0.15 -0.3 0.5)
(0.2 -0.3 0.5)
(0.25 -0.3 0.5)
(0.3 -0.3 0.5)
(0.35 -0.3 0.5)
(0.4 -0.3 0.5)
(0.45 -0.3 0.5)
(0.5 -0.3 0.5)
(0 -0.25 0.5)
(0.05 -0.25 0.5)
(0.1 -0.25 0.5)
(0.15 -0.25 0.5)
(0.2 -0.25 0.5)
(0.25 -0.25 0.5)
(0.3 -0.25 0.5)
(0.35 -0.25 0.5)
(0.4 -0.25 0.5)
(0.45 -0.25 0.5)
(0.5 -0.25 0.5)
(0 -0.2 0.5)
(0.05 -0.2 0.5)
(0.1 -0.2 0.5)
(0.15 -0.2 0.5)
(0.2 -0.2 0.5)
(0.25 -0.2 0.5)
(0.3 -0.2 0.5)
(0.35 -0.2 0.5)
(0.4 -0.2 0.5)
(0.45 -0.2 0.5)
(0.5 -0.2 0.5)
(0 -0.15 0.5)
(0.05 -0.15 0.5)
(0.1 -0.15 0.5)
(0.15 -0.15 0.5)
(0.2 -0.15 0.5)
(0.25 -0.15 0.5)
(0.3 -0.15 0.5)
(0.35 -0.15 0.5)
(0.4 -0.15 0.5)
(0.45 -0.15 0.5)
(0.5 -0.15 0.5)
(0 -0.1 0.5)
(0.05 -0.1 0.5)
(0.1 -0.1 0.5)
(0.15 -0.1 0.5)
(0.2 -0.1 0.5)
(0.25 -0.1 0.5)
(0.3 -0.1 0.5)
(0.35 -0.1 0.5)
(0.4 -0.1 0.5)
(0.45 -0.1 0.5)
(0.5 -0.1 0.5)
(0 -0.05 0.5)
(0.05 -0.05 0.5)
(0.1 -0.05 0.5)
(0.15 -0.05 0.5)
(0.2 -0.05 0.5)
(0.25 -0.05 0.5)
(0.3 -0.05 0.5)
(0.35 -0.05 0.5)
(0.4 -0.05 0.5)
(0.45 -0.05 0.5)
(0.5 -0.05 0.5)
(0 1.05 0)
(0.05 1.05 0)
(0.1 1.05 0)
(0.15 1.05 0)
(0.2 1.05 0)
(0.25 1.05 0)
(0.3 1.05 0)
(0.35 1.05 0)
(0.4 1.05 0)
(0.45 1.05 0)
(0.5 1.05 0)
(0 1.1 0)
(0.05 1.1 0)
(0.1 1.1 0)
(0.15 1.1 0)
(0.2 1.1 0)
(0.25 1.1 0)
(0.3 1.1 0)
(0.35 1.1 0)
(0.4 1.1 0)
(0.45 1.1 0)
(0.5 1.1 0)
(0 1.15 0)
(0.05 1.15 0)
(0.1 1.15 0)
(0.15 1.15 0)
(0.2 1.15 0)
(0.25 1.15 0)
(0.3 1.15 0)
(0.35 1.15 0)
(0.4 1.15 0)
(0.45 1.15 0)
(0.5 1.15 0)
(0 1.2 0)
(0.05 1.2 0)
(0.1 1.2 0)
(0.15 1.2 0)
(0.2 1.2 0)
(0.25 1.2 0)
(0.3 1.2 0)
(0.35 1.2 0)
(0.4 1.2 0)
(0.45 1.2 0)
(0.5 1.2 0)
(0 1.25 0)
(0.05 1.25 0)
(0.1 1.25 0)
(0.15 1.25 0)
(0.2 1.25 0)
(0.25 1.25 0)
(0.3 1.25 0)
(0.35 1.25 0)
(0.4 1.25 0)
(0.45 1.25 0)
(0.5 1.25 0)
(0 1.3 0)
(0.05 1.3 0)
(0.1 1.3 0)
(0.15 1.3 0)
(0.2 1.3 0)
(0.25 1.3 0)
(0.3 1.3 0)
(0.35 1.3 0)
(0.4 1.3 0)
(0.45 1.3 0)
(0.5 1.3 0)
(0 1.35 0)
(0.05 1.35 0)
(0.1 1.35 0)
(0.15 1.35 0)
(0.2 1.35 0)
(0.25 1.35 0)
(0.3 1.35 0)
(0.35 1.35 0)
(0.4 1.35 0)
(0.45 1.35 0)
(0.5 1.35 0)
(0 1.4 0)
(0.05 1.4 0)
(0.1 1.4 0)
(0.15 1.4 0)
(0.2 1.4 0)
(0.25 1.4 0)
(0.3 1.4 0)
(0.35 1.4 0)
(0.4 1.4 0)
(0.45 1.4 0)
(0.5 1.4 0)
(0 1.45 0)
(0.05 1.45 0)
(0.1 1.45 0)
(0.15 1.45 0)
(0.2 1.45 0)
(0.25 1.45 0)
(0.3 1.45 0)
(0.35 1.45 0)
(0.4 1.45 0)
(0.45 1.45 0)
(0.5 1.45 0)
(0 1.5 0)
(0.05 1.5 0)
(0.1 1.5 0)
(0.15 1.5 0)
(0.2 1.5 0)
(0.25 1.5 0)
(0.3 1.5 0)
(0.35 1.5 0)
(0.4 1.5 0)
(0.45 1.5 0)
(0.5 1.5 0)
(0 1.05 0.05)
(0.05 1.05 0.05)
(0.1 1.05 0.05)
(0.15 1.05 0.05)
(0.2 1.05 0.05)
(0.25 1.05 0.05)
(0.3 1.05 0.05)
(0.35 1.05 0.05)
(0.4 1.05 0.05)
(0.45 1.05 0.05)
(0.5 1.05 0.05)
(0 1.1 0.05)
(0.05 1.1 0.05)
(0.1 1.1 0.05)
(0.15 1.1 0.05)
(0.2 1.1 0.05)
(0.25 1.1 0.05)
(0.3 1.1 0.05)
(0.35 1.1 0.05)
(0.4 1.1 0.05)
(0.45 1.1 0.05)
(0.5 1.1 0.05)
(0 1.15 0.05)
(0.05 1.15 0.05)
(0.1 1.15 0.05)
(0.15 1.15 0.05)
(0.2 1.15 0.05)
(0.25 1.15 0.05)
(0.3 1.15 0.05)
(0.35 1.15 0.05)
(0.4 1.15 0.05)
(0.45 1.15 0.05)
(0.5 1.15 0.05)
(0 1.2 0.05)
(0.05 1.2 0.05)
(0.1 1.2 0.05)
(0.15 1.2 0.05)
(0.2 1.2 0.05)
(0.25 1.2 0.05)
(0.3 1.2 0.05)
(0.35 1.2 0.05)
(0.4 1.2 0.05)
(0.45 1.2 0.05)
(0.5 1.2 0.05)
(0 1.25 0.05)
(0.05 1.25 0.05)
(0.1 1.25 0.05)
(0.15 1.25 0.05)
(0.2 1.25 0.05)
(0.25 1.25 0.05)
(0.3 1.25 0.05)
(0.35 1.25 0.05)
(0.4 1.25 0.05)
(0.45 1.25 0.05)
(0.5 1.25 0.05)
(0 1.3 0.05)
(0.05 1.3 0.05)
(0.1 1.3 0.05)
(0.15 1.3 0.05)
(0.2 1.3 0.05)
(0.25 1.3 0.05)
(0.3 1.3 0.05)
(0.35 1.3 0.05)
(0.4 1.3 0.05)
(0.45 1.3 0.05)
(0.5 1.3 0.05)
(0 1.35 0.05)
(0.05 1.35 0.05)
(0.1 1.35 0.05)
(0.15 1.35 0.05)
(0.2 1.35 0.05)
(0.25 1.35 0.05)
(0.3 1.35 0.05)
(0.35 1.35 0.05)
(0.4 1.35 0.05)
(0.45 1.35 0.05)
(0.5 1.35 0.05)
(0 1.4 0.05)
(0.05 1.4 0.05)
(0.1 1.4 0.05)
(0.15 1.4 0.05)
(0.2 1.4 0.05)
(0.25 1.4 0.05)
(0.3 1.4 0.05)
(0.35 1.4 0.05)
(0.4 1.4 0.05)
(0.45 1.4 0.05)
(0.5 1.4 0.05)
(0 1.45 0.05)
(0.05 1.45 0.05)
(0.1 1.45 0.05)
(0.15 1.45 0.05)
(0.2 1.45 0.05)
(0.25 1.45 0.05)
(0.3 1.45 0.05)
(0.35 1.45 0.05)
(0.4 1.45 0.05)
(0.45 1.45 0.05)
(0.5 1.45 0.05)
(0 1.5 0.05)
(0.05 1.5 0.05)
(0.1 1.5 0.05)
(0.15 1.5 0.05)
(0.2 1.5 0.05)
(0.25 1.5 0.05)
(0.3 1.5 0.05)
(0.35 1.5 0.05)
(0.4 1.5 0.05)
(0.45 1.5 0.05)
(0.5 1.5 0.05)
(0 1.05 0.1)
(0.05 1.05 0.1)
(0.1 1.05 0.1)
(0.15 1.05 0.1)
(0.2 1.05 0.1)
(0.25 1.05 0.1)
(0.3 1.05 0.1)
(0.35 1.05 0.1)
(0.4 1.05 0.1)
(0.45 1.05 0.1)
(0.5 1.05 0.1)
(0 1.1 0.1)
(0.05 1.1 0.1)
(0.1 1.1 0.1)
(0.15 1.1 0.1)
(0.2 1.1 0.1)
(0.25 1.1 0.1)
(0.3 1.1 0.1)
(0.35 1.1 0.1)
(0.4 1.1 0.1)
(0.45 1.1 0.1)
(0.5 1.1 0.1)
(0 1.15 0.1)
(0.05 1.15 0.1)
(0.1 1.15 0.1)
(0.15 1.15 0.1)
(0.2 1.15 0.1)
(0.25 1.15 0.1)
(0.3 1.15 0.1)
(0.35 1.15 0.1)
(0.4 1.15 0.1)
(0.45 1.15 0.1)
(0.5 1.15 0.1)
(0 1.2 0.1)
(0.05 1.2 0.1)
(0.1 1.2 0.1)
(0.15 1.2 0.1)
(0.2 1.2 0.1)
(0.25 1.2 0.1)
(0.3 1.2 0.1)
(0.35 1.2 0.1)
(0.4 1.2 0.1)
(0.45 1.2 0.1)
(0.5 1.2 0.1)
(0 1.25 0.1)
(0.05 1.25 0.1)
(0.1 1.25 0.1)
(0.15 1.25 0.1)
(0.2 1.25 0.1)
(0.25 1.25 0.1)
(0.3 1.25 0.1)
(0.35 1.25 0.1)
(0.4 1.25 0.1)
(0.45 1.25 0.1)
(0.5 1.25 0.1)
(0 1.3 0.1)
(0.05 1.3 0.1)
(0.1 1.3 0.1)
(0.15 1.3 0.1)
(0.2 1.3 0.1)
(0.25 1.3 0.1)
(0.3 1.3 0.1)
(0.35 1.3 0.1)
(0.4 1.3 0.1)
(0.45 1.3 0.1)
(0.5 1.3 0.1)
(0 1.35 0.1)
(0.05 1.35 0.1)
(0.1 1.35 0.1)
(0.15 1.35 0.1)
(0.2 1.35 0.1)
(0.25 1.35 0.1)
(0.3 1.35 0.1)
(0.35 1.35 0.1)
(0.4 1.35 0.1)
(0.45 1.35 0.1)
(0.5 1.35 0.1)
(0 1.4 0.1)
(0.05 1.4 0.1)
(0.1 1.4 0.1)
(0.15 1.4 0.1)
(0.2 1.4 0.1)
(0.25 1.4 0.1)
(0.3 1.4 0.1)
(0.35 1.4 0.1)
(0.4 1.4 0.1)
(0.45 1.4 0.1)
(0.5 1.4 0.1)
(0 1.45 0.1)
(0.05 1.45 0.1)
(0.1 1.45 0.1)
(0.15 1.45 0.1)
(0.2 1.45 0.1)
(0.25 1.45 0.1)
(0.3 1.45 0.1)
(0.35 1.45 0.1)
(0.4 1.45 0.1)
(0.45 1.45 0.1)
(0.5 1.45 0.1)
(0 1.5 0.1)
(0.05 1.5 0.1)
(0.1 1.5 0.1)
(0.15 1.5 0.1)
(0.2 1.5 0.1)
(0.25 1.5 0.1)
(0.3 1.5 0.1)
(0.35 1.5 0.1)
(0.4 1.5 0.1)
(0.45 1.5 0.1)
(0.5 1.5 0.1)
(0 1.05 0.15)
(0.05 1.05 0.15)
(0.1 1.05 0.15)
(0.15 1.05 0.15)
(0.2 1.05 0.15)
(0.25 1.05 0.15)
(0.3 1.05 0.15)
(0.35 1.05 0.15)
(0.4 1.05 0.15)
(0.45 1.05 0.15)
(0.5 1.05 0.15)
(0 1.1 0.15)
(0.05 1.1 0.15)
(0.1 1.1 0.15)
(0.15 1.1 0.15)
(0.2 1.1 0.15)
(0.25 1.1 0.15)
(0.3 1.1 0.15)
(0.35 1.1 0.15)
(0.4 1.1 0.15)
(0.45 1.1 0.15)
(0.5 1.1 0.15)
(0 1.15 0.15)
(0.05 1.15 0.15)
(0.1 1.15 0.15)
(0.15 1.15 0.15)
(0.2 1.15 0.15)
(0.25 1.15 0.15)
(0.3 1.15 0.15)
(0.35 1.15 0.15)
(0.4 1.15 0.15)
(0.45 1.15 0.15)
(0.5 1.15 0.15)
(0 1.2 0.15)
(0.05 1.2 0.15)
(0.1 1.2 0.15)
(0.15 1.2 0.15)
(0.2 1.2 0.15)
(0.25 1.2 0.15)
(0.3 1.2 0.15)
(0.35 1.2 0.15)
(0.4 1.2 0.15)
(0.45 1.2 0.15)
(0.5 1.2 0.15)
(0 1.25 0.15)
(0.05 1.25 0.15)
(0.1 1.25 0.15)
(0.15 1.25 0.15)
(0.2 1.25 0.15)
(0.25 1.25 0.15)
(0.3 1.25 0.15)
(0.35 1.25 0.15)
(0.4 1.25 0.15)
(0.45 1.25 0.15)
(0.5 1.25 0.15)
(0 1.3 0.15)
(0.05 1.3 0.15)
(0.1 1.3 0.15)
(0.15 1.3 0.15)
(0.2 1.3 0.15)
(0.25 1.3 0.15)
(0.3 1.3 0.15)
(0.35 1.3 0.15)
(0.4 1.3 0.15)
(0.45 1.3 0.15)
(0.5 1.3 0.15)
(0 1.35 0.15)
(0.05 1.35 0.15)
(0.1 1.35 0.15)
(0.15 1.35 0.15)
(0.2 1.35 0.15)
(0.25 1.35 0.15)
(0.3 1.35 0.15)
(0.35 1.35 0.15)
(0.4 1.35 0.15)
(0.45 1.35 0.15)
(0.5 1.35 0.15)
(0 1.4 0.15)
(0.05 1.4 0.15)
(0.1 1.4 0.15)
(0.15 1.4 0.15)
(0.2 1.4 0.15)
(0.25 1.4 0.15)
(0.3 1.4 0.15)
(0.35 1.4 0.15)
(0.4 1.4 0.15)
(0.45 1.4 0.15)
(0.5 1.4 0.15)
(0 1.45 0.15)
(0.05 1.45 0.15)
(0.1 1.45 0.15)
(0.15 1.45 0.15)
(0.2 1.45 0.15)
(0.25 1.45 0.15)
(0.3 1.45 0.15)
(0.35 1.45 0.15)
(0.4 1.45 0.15)
(0.45 1.45 0.15)
(0.5 1.45 0.15)
(0 1.5 0.15)
(0.05 1.5 0.15)
(0.1 1.5 0.15)
(0.15 1.5 0.15)
(0.2 1.5 0.15)
(0.25 1.5 0.15)
(0.3 1.5 0.15)
(0.35 1.5 0.15)
(0.4 1.5 0.15)
(0.45 1.5 0.15)
(0.5 1.5 0.15)
(0 1.05 0.2)
(0.05 1.05 0.2)
(0.1 1.05 0.2)
(0.15 1.05 0.2)
(0.2 1.05 0.2)
(0.25 1.05 0.2)
(0.3 1.05 0.2)
(0.35 1.05 0.2)
(0.4 1.05 0.2)
(0.45 1.05 0.2)
(0.5 1.05 0.2)
(0 1.1 0.2)
(0.05 1.1 0.2)
(0.1 1.1 0.2)
(0.15 1.1 0.2)
(0.2 1.1 0.2)
(0.25 1.1 0.2)
(0.3 1.1 0.2)
(0.35 1.1 0.2)
(0.4 1.1 0.2)
(0.45 1.1 0.2)
(0.5 1.1 0.2)
(0 1.15 0.2)
(0.05 1.15 0.2)
(0.1 1.15 0.2)
(0.15 1.15 0.2)
(0.2 1.15 0.2)
(0.25 1.15 0.2)
(0.3 1.15 0.2)
(0.35 1.15 0.2)
(0.4 1.15 0.2)
(0.45 1.15 0.2)
(0.5 1.15 0.2)
(0 1.2 0.2)
(0.05 1.2 0.2)
(0.1 1.2 0.2)
(0.15 1.2 0.2)
(0.2 1.2 0.2)
(0.25 1.2 0.2)
(0.3 1.2 0.2)
(0.35 1.2 0.2)
(0.4 1.2 0.2)
(0.45 1.2 0.2)
(0.5 1.2 0.2)
(0 1.25 0.2)
(0.05 1.25 0.2)
(0.1 1.25 0.2)
(0.15 1.25 0.2)
(0.2 1.25 0.2)
(0.25 1.25 0.2)
(0.3 1.25 0.2)
(0.35 1.25 0.2)
(0.4 1.25 0.2)
(0.45 1.25 0.2)
(0.5 1.25 0.2)
(0 1.3 0.2)
(0.05 1.3 0.2)
(0.1 1.3 0.2)
(0.15 1.3 0.2)
(0.2 1.3 0.2)
(0.25 1.3 0.2)
(0.3 1.3 0.2)
(0.35 1.3 0.2)
(0.4 1.3 0.2)
(0.45 1.3 0.2)
(0.5 1.3 0.2)
(0 1.35 0.2)
(0.05 1.35 0.2)
(0.1 1.35 0.2)
(0.15 1.35 0.2)
(0.2 1.35 0.2)
(0.25 1.35 0.2)
(0.3 1.35 0.2)
(0.35 1.35 0.2)
(0.4 1.35 0.2)
(0.45 1.35 0.2)
(0.5 1.35 0.2)
(0 1.4 0.2)
(0.05 1.4 0.2)
(0.1 1.4 0.2)
(0.15 1.4 0.2)
(0.2 1.4 0.2)
(0.25 1.4 0.2)
(0.3 1.4 0.2)
(0.35 1.4 0.2)
(0.4 1.4 0.2)
(0.45 1.4 0.2)
(0.5 1.4 0.2)
(0 1.45 0.2)
(0.05 1.45 0.2)
(0.1 1.45 0.2)
(0.15 1.45 0.2)
(0.2 1.45 0.2)
(0.25 1.45 0.2)
(0.3 1.45 0.2)
(0.35 1.45 0.2)
(0.4 1.45 0.2)
(0.45 1.45 0.2)
(0.5 1.45 0.2)
(0 1.5 0.2)
(0.05 1.5 0.2)
(0.1 1.5 0.2)
(0.15 1.5 0.2)
(0.2 1.5 0.2)
(0.25 1.5 0.2)
(0.3 1.5 0.2)
(0.35 1.5 0.2)
(0.4 1.5 0.2)
(0.45 1.5 0.2)
(0.5 1.5 0.2)
(0 1.05 0.25)
(0.05 1.05 0.25)
(0.1 1.05 0.25)
(0.15 1.05 0.25)
(0.2 1.05 0.25)
(0.25 1.05 0.25)
(0.3 1.05 0.25)
(0.35 1.05 0.25)
(0.4 1.05 0.25)
(0.45 1.05 0.25)
(0.5 1.05 0.25)
(0 1.1 0.25)
(0.05 1.1 0.25)
(0.1 1.1 0.25)
(0.15 1.1 0.25)
(0.2 1.1 0.25)
(0.25 1.1 0.25)
(0.3 1.1 0.25)
(0.35 1.1 0.25)
(0.4 1.1 0.25)
(0.45 1.1 0.25)
(0.5 1.1 0.25)
(0 1.15 0.25)
(0.05 1.15 0.25)
(0.1 1.15 0.25)
(0.15 1.15 0.25)
(0.2 1.15 0.25)
(0.25 1.15 0.25)
(0.3 1.15 0.25)
(0.35 1.15 0.25)
(0.4 1.15 0.25)
(0.45 1.15 0.25)
(0.5 1.15 0.25)
(0 1.2 0.25)
(0.05 1.2 0.25)
(0.1 1.2 0.25)
(0.15 1.2 0.25)
(0.2 1.2 0.25)
(0.25 1.2 0.25)
(0.3 1.2 0.25)
(0.35 1.2 0.25)
(0.4 1.2 0.25)
(0.45 1.2 0.25)
(0.5 1.2 0.25)
(0 1.25 0.25)
(0.05 1.25 0.25)
(0.1 1.25 0.25)
(0.15 1.25 0.25)
(0.2 1.25 0.25)
(0.25 1.25 0.25)
(0.3 1.25 0.25)
(0.35 1.25 0.25)
(0.4 1.25 0.25)
(0.45 1.25 0.25)
(0.5 1.25 0.25)
(0 1.3 0.25)
(0.05 1.3 0.25)
(0.1 1.3 0.25)
(0.15 1.3 0.25)
(0.2 1.3 0.25)
(0.25 1.3 0.25)
(0.3 1.3 0.25)
(0.35 1.3 0.25)
(0.4 1.3 0.25)
(0.45 1.3 0.25)
(0.5 1.3 0.25)
(0 1.35 0.25)
(0.05 1.35 0.25)
(0.1 1.35 0.25)
(0.15 1.35 0.25)
(0.2 1.35 0.25)
(0.25 1.35 0.25)
(0.3 1.35 0.25)
(0.35 1.35 0.25)
(0.4 1.35 0.25)
(0.45 1.35 0.25)
(0.5 1.35 0.25)
(0 1.4 0.25)
(0.05 1.4 0.25)
(0.1 1.4 0.25)
(0.15 1.4 0.25)
(0.2 1.4 0.25)
(0.25 1.4 0.25)
(0.3 1.4 0.25)
(0.35 1.4 0.25)
(0.4 1.4 0.25)
(0.45 1.4 0.25)
(0.5 1.4 0.25)
(0 1.45 0.25)
(0.05 1.45 0.25)
(0.1 1.45 0.25)
(0.15 1.45 0.25)
(0.2 1.45 0.25)
(0.25 1.45 0.25)
(0.3 1.45 0.25)
(0.35 1.45 0.25)
(0.4 1.45 0.25)
(0.45 1.45 0.25)
(0.5 1.45 0.25)
(0 1.5 0.25)
(0.05 1.5 0.25)
(0.1 1.5 0.25)
(0.15 1.5 0.25)
(0.2 1.5 0.25)
(0.25 1.5 0.25)
(0.3 1.5 0.25)
(0.35 1.5 0.25)
(0.4 1.5 0.25)
(0.45 1.5 0.25)
(0.5 1.5 0.25)
(0 1.05 0.3)
(0.05 1.05 0.3)
(0.1 1.05 0.3)
(0.15 1.05 0.3)
(0.2 1.05 0.3)
(0.25 1.05 0.3)
(0.3 1.05 0.3)
(0.35 1.05 0.3)
(0.4 1.05 0.3)
(0.45 1.05 0.3)
(0.5 1.05 0.3)
(0 1.1 0.3)
(0.05 1.1 0.3)
(0.1 1.1 0.3)
(0.15 1.1 0.3)
(0.2 1.1 0.3)
(0.25 1.1 0.3)
(0.3 1.1 0.3)
(0.35 1.1 0.3)
(0.4 1.1 0.3)
(0.45 1.1 0.3)
(0.5 1.1 0.3)
(0 1.15 0.3)
(0.05 1.15 0.3)
(0.1 1.15 0.3)
(0.15 1.15 0.3)
(0.2 1.15 0.3)
(0.25 1.15 0.3)
(0.3 1.15 0.3)
(0.35 1.15 0.3)
(0.4 1.15 0.3)
(0.45 1.15 0.3)
(0.5 1.15 0.3)
(0 1.2 0.3)
(0.05 1.2 0.3)
(0.1 1.2 0.3)
(0.15 1.2 0.3)
(0.2 1.2 0.3)
(0.25 1.2 0.3)
(0.3 1.2 0.3)
(0.35 1.2 0.3)
(0.4 1.2 0.3)
(0.45 1.2 0.3)
(0.5 1.2 0.3)
(0 1.25 0.3)
(0.05 1.25 0.3)
(0.1 1.25 0.3)
(0.15 1.25 0.3)
(0.2 1.25 0.3)
(0.25 1.25 0.3)
(0.3 1.25 0.3)
(0.35 1.25 0.3)
(0.4 1.25 0.3)
(0.45 1.25 0.3)
(0.5 1.25 0.3)
(0 1.3 0.3)
(0.05 1.3 0.3)
(0.1 1.3 0.3)
(0.15 1.3 0.3)
(0.2 1.3 0.3)
(0.25 1.3 0.3)
(0.3 1.3 0.3)
(0.35 1.3 0.3)
(0.4 1.3 0.3)
(0.45 1.3 0.3)
(0.5 1.3 0.3)
(0 1.35 0.3)
(0.05 1.35 0.3)
(0.1 1.35 0.3)
(0.15 1.35 0.3)
(0.2 1.35 0.3)
(0.25 1.35 0.3)
(0.3 1.35 0.3)
(0.35 1.35 0.3)
(0.4 1.35 0.3)
(0.45 1.35 0.3)
(0.5 1.35 0.3)
(0 1.4 0.3)
(0.05 1.4 0.3)
(0.1 1.4 0.3)
(0.15 1.4 0.3)
(0.2 1.4 0.3)
(0.25 1.4 0.3)
(0.3 1.4 0.3)
(0.35 1.4 0.3)
(0.4 1.4 0.3)
(0.45 1.4 0.3)
(0.5 1.4 0.3)
(0 1.45 0.3)
(0.05 1.45 0.3)
(0.1 1.45 0.3)
(0.15 1.45 0.3)
(0.2 1.45 0.3)
(0.25 1.45 0.3)
(0.3 1.45 0.3)
(0.35 1.45 0.3)
(0.4 1.45 0.3)
(0.45 1.45 0.3)
(0.5 1.45 0.3)
(0 1.5 0.3)
(0.05 1.5 0.3)
(0.1 1.5 0.3)
(0.15 1.5 0.3)
(0.2 1.5 0.3)
(0.25 1.5 0.3)
(0.3 1.5 0.3)
(0.35 1.5 0.3)
(0.4 1.5 0.3)
(0.45 1.5 0.3)
(0.5 1.5 0.3)
(0 1.05 0.35)
(0.05 1.05 0.35)
(0.1 1.05 0.35)
(0.15 1.05 0.35)
(0.2 1.05 0.35)
(0.25 1.05 0.35)
(0.3 1.05 0.35)
(0.35 1.05 0.35)
(0.4 1.05 0.35)
(0.45 1.05 0.35)
(0.5 1.05 0.35)
(0 1.1 0.35)
(0.05 1.1 0.35)
(0.1 1.1 0.35)
(0.15 1.1 0.35)
(0.2 1.1 0.35)
(0.25 1.1 0.35)
(0.3 1.1 0.35)
(0.35 1.1 0.35)
(0.4 1.1 0.35)
(0.45 1.1 0.35)
(0.5 1.1 0.35)
(0 1.15 0.35)
(0.05 1.15 0.35)
(0.1 1.15 0.35)
(0.15 1.15 0.35)
(0.2 1.15 0.35)
(0.25 1.15 0.35)
(0.3 1.15 0.35)
(0.35 1.15 0.35)
(0.4 1.15 0.35)
(0.45 1.15 0.35)
(0.5 1.15 0.35)
(0 1.2 0.35)
(0.05 1.2 0.35)
(0.1 1.2 0.35)
(0.15 1.2 0.35)
(0.2 1.2 0.35)
(0.25 1.2 0.35)
(0.3 1.2 0.35)
(0.35 1.2 0.35)
(0.4 1.2 0.35)
(0.45 1.2 0.35)
(0.5 1.2 0.35)
(0 1.25 0.35)
(0.05 1.25 0.35)
(0.1 1.25 0.35)
(0.15 1.25 0.35)
(0.2 1.25 0.35)
(0.25 1.25 0.35)
(0.3 1.25 0.35)
(0.35 1.25 0.35)
(0.4 1.25 0.35)
(0.45 1.25 0.35)
(0.5 1.25 0.35)
(0 1.3 0.35)
(0.05 1.3 0.35)
(0.1 1.3 0.35)
(0.15 1.3 0.35)
(0.2 1.3 0.35)
(0.25 1.3 0.35)
(0.3 1.3 0.35)
(0.35 1.3 0.35)
(0.4 1.3 0.35)
(0.45 1.3 0.35)
(0.5 1.3 0.35)
(0 1.35 0.35)
(0.05 1.35 0.35)
(0.1 1.35 0.35)
(0.15 1.35 0.35)
(0.2 1.35 0.35)
(0.25 1.35 0.35)
(0.3 1.35 0.35)
(0.35 1.35 0.35)
(0.4 1.35 0.35)
(0.45 1.35 0.35)
(0.5 1.35 0.35)
(0 1.4 0.35)
(0.05 1.4 0.35)
(0.1 1.4 0.35)
(0.15 1.4 0.35)
(0.2 1.4 0.35)
(0.25 1.4 0.35)
(0.3 1.4 0.35)
(0.35 1.4 0.35)
(0.4 1.4 0.35)
(0.45 1.4 0.35)
(0.5 1.4 0.35)
(0 1.45 0.35)
(0.05 1.45 0.35)
(0.1 1.45 0.35)
(0.15 1.45 0.35)
(0.2 1.45 0.35)
(0.25 1.45 0.35)
(0.3 1.45 0.35)
(0.35 1.45 0.35)
(0.4 1.45 0.35)
(0.45 1.45 0.35)
(0.5 1.45 0.35)
(0 1.5 0.35)
(0.05 1.5 0.35)
(0.1 1.5 0.35)
(0.15 1.5 0.35)
(0.2 1.5 0.35)
(0.25 1.5 0.35)
(0.3 1.5 0.35)
(0.35 1.5 0.35)
(0.4 1.5 0.35)
(0.45 1.5 0.35)
(0.5 1.5 0.35)
(0 1.05 0.4)
(0.05 1.05 0.4)
(0.1 1.05 0.4)
(0.15 1.05 0.4)
(0.2 1.05 0.4)
(0.25 1.05 0.4)
(0.3 1.05 0.4)
(0.35 1.05 0.4)
(0.4 1.05 0.4)
(0.45 1.05 0.4)
(0.5 1.05 0.4)
(0 1.1 0.4)
(0.05 1.1 0.4)
(0.1 1.1 0.4)
(0.15 1.1 0.4)
(0.2 1.1 0.4)
(0.25 1.1 0.4)
(0.3 1.1 0.4)
(0.35 1.1 0.4)
(0.4 1.1 0.4)
(0.45 1.1 0.4)
(0.5 1.1 0.4)
(0 1.15 0.4)
(0.05 1.15 0.4)
(0.1 1.15 0.4)
(0.15 1.15 0.4)
(0.2 1.15 0.4)
(0.25 1.15 0.4)
(0.3 1.15 0.4)
(0.35 1.15 0.4)
(0.4 1.15 0.4)
(0.45 1.15 0.4)
(0.5 1.15 0.4)
(0 1.2 0.4)
(0.05 1.2 0.4)
(0.1 1.2 0.4)
(0.15 1.2 0.4)
(0.2 1.2 0.4)
(0.25 1.2 0.4)
(0.3 1.2 0.4)
(0.35 1.2 0.4)
(0.4 1.2 0.4)
(0.45 1.2 0.4)
(0.5 1.2 0.4)
(0 1.25 0.4)
(0.05 1.25 0.4)
(0.1 1.25 0.4)
(0.15 1.25 0.4)
(0.2 1.25 0.4)
(0.25 1.25 0.4)
(0.3 1.25 0.4)
(0.35 1.25 0.4)
(0.4 1.25 0.4)
(0.45 1.25 0.4)
(0.5 1.25 0.4)
(0 1.3 0.4)
(0.05 1.3 0.4)
(0.1 1.3 0.4)
(0.15 1.3 0.4)
(0.2 1.3 0.4)
(0.25 1.3 0.4)
(0.3 1.3 0.4)
(0.35 1.3 0.4)
(0.4 1.3 0.4)
(0.45 1.3 0.4)
(0.5 1.3 0.4)
(0 1.35 0.4)
(0.05 1.35 0.4)
(0.1 1.35 0.4)
(0.15 1.35 0.4)
(0.2 1.35 0.4)
(0.25 1.35 0.4)
(0.3 1.35 0.4)
(0.35 1.35 0.4)
(0.4 1.35 0.4)
(0.45 1.35 0.4)
(0.5 1.35 0.4)
(0 1.4 0.4)
(0.05 1.4 0.4)
(0.1 1.4 0.4)
(0.15 1.4 0.4)
(0.2 1.4 0.4)
(0.25 1.4 0.4)
(0.3 1.4 0.4)
(0.35 1.4 0.4)
(0.4 1.4 0.4)
(0.45 1.4 0.4)
(0.5 1.4 0.4)
(0 1.45 0.4)
(0.05 1.45 0.4)
(0.1 1.45 0.4)
(0.15 1.45 0.4)
(0.2 1.45 0.4)
(0.25 1.45 0.4)
(0.3 1.45 0.4)
(0.35 1.45 0.4)
(0.4 1.45 0.4)
(0.45 1.45 0.4)
(0.5 1.45 0.4)
(0 1.5 0.4)
(0.05 1.5 0.4)
(0.1 1.5 0.4)
(0.15 1.5 0.4)
(0.2 1.5 0.4)
(0.25 1.5 0.4)
(0.3 1.5 0.4)
(0.35 1.5 0.4)
(0.4 1.5 0.4)
(0.45 1.5 0.4)
(0.5 1.5 0.4)
(0 1.05 0.45)
(0.05 1.05 0.45)
(0.1 1.05 0.45)
(0.15 1.05 0.45)
(0.2 1.05 0.45)
(0.25 1.05 0.45)
(0.3 1.05 0.45)
(0.35 1.05 0.45)
(0.4 1.05 0.45)
(0.45 1.05 0.45)
(0.5 1.05 0.45)
(0 1.1 0.45)
(0.05 1.1 0.45)
(0.1 1.1 0.45)
(0.15 1.1 0.45)
(0.2 1.1 0.45)
(0.25 1.1 0.45)
(0.3 1.1 0.45)
(0.35 1.1 0.45)
(0.4 1.1 0.45)
(0.45 1.1 0.45)
(0.5 1.1 0.45)
(0 1.15 0.45)
(0.05 1.15 0.45)
(0.1 1.15 0.45)
(0.15 1.15 0.45)
(0.2 1.15 0.45)
(0.25 1.15 0.45)
(0.3 1.15 0.45)
(0.35 1.15 0.45)
(0.4 1.15 0.45)
(0.45 1.15 0.45)
(0.5 1.15 0.45)
(0 1.2 0.45)
(0.05 1.2 0.45)
(0.1 1.2 0.45)
(0.15 1.2 0.45)
(0.2 1.2 0.45)
(0.25 1.2 0.45)
(0.3 1.2 0.45)
(0.35 1.2 0.45)
(0.4 1.2 0.45)
(0.45 1.2 0.45)
(0.5 1.2 0.45)
(0 1.25 0.45)
(0.05 1.25 0.45)
(0.1 1.25 0.45)
(0.15 1.25 0.45)
(0.2 1.25 0.45)
(0.25 1.25 0.45)
(0.3 1.25 0.45)
(0.35 1.25 0.45)
(0.4 1.25 0.45)
(0.45 1.25 0.45)
(0.5 1.25 0.45)
(0 1.3 0.45)
(0.05 1.3 0.45)
(0.1 1.3 0.45)
(0.15 1.3 0.45)
(0.2 1.3 0.45)
(0.25 1.3 0.45)
(0.3 1.3 0.45)
(0.35 1.3 0.45)
(0.4 1.3 0.45)
(0.45 1.3 0.45)
(0.5 1.3 0.45)
(0 1.35 0.45)
(0.05 1.35 0.45)
(0.1 1.35 0.45)
(0.15 1.35 0.45)
(0.2 1.35 0.45)
(0.25 1.35 0.45)
(0.3 1.35 0.45)
(0.35 1.35 0.45)
(0.4 1.35 0.45)
(0.45 1.35 0.45)
(0.5 1.35 0.45)
(0 1.4 0.45)
(0.05 1.4 0.45)
(0.1 1.4 0.45)
(0.15 1.4 0.45)
(0.2 1.4 0.45)
(0.25 1.4 0.45)
(0.3 1.4 0.45)
(0.35 1.4 0.45)
(0.4 1.4 0.45)
(0.45 1.4 0.45)
(0.5 1.4 0.45)
(0 1.45 0.45)
(0.05 1.45 0.45)
(0.1 1.45 0.45)
(0.15 1.45 0.45)
(0.2 1.45 0.45)
(0.25 1.45 0.45)
(0.3 1.45 0.45)
(0.35 1.45 0.45)
(0.4 1.45 0.45)
(0.45 1.45 0.45)
(0.5 1.45 0.45)
(0 1.5 0.45)
(0.05 1.5 0.45)
(0.1 1.5 0.45)
(0.15 1.5 0.45)
(0.2 1.5 0.45)
(0.25 1.5 0.45)
(0.3 1.5 0.45)
(0.35 1.5 0.45)
(0.4 1.5 0.45)
(0.45 1.5 0.45)
(0.5 1.5 0.45)
(0 1.05 0.5)
(0.05 1.05 0.5)
(0.1 1.05 0.5)
(0.15 1.05 0.5)
(0.2 1.05 0.5)
(0.25 1.05 0.5)
(0.3 1.05 0.5)
(0.35 1.05 0.5)
(0.4 1.05 0.5)
(0.45 1.05 0.5)
(0.5 1.05 0.5)
(0 1.1 0.5)
(0.05 1.1 0.5)
(0.1 1.1 0.5)
(0.15 1.1 0.5)
(0.2 1.1 0.5)
(0.25 1.1 0.5)
(0.3 1.1 0.5)
(0.35 1.1 0.5)
(0.4 1.1 0.5)
(0.45 1.1 0.5)
(0.5 1.1 0.5)
(0 1.15 0.5)
(0.05 1.15 0.5)
(0.1 1.15 0.5)
(0.15 1.15 0.5)
(0.2 1.15 0.5)
(0.25 1.15 0.5)
(0.3 1.15 0.5)
(0.35 1.15 0.5)
(0.4 1.15 0.5)
(0.45 1.15 0.5)
(0.5 1.15 0.5)
(0 1.2 0.5)
(0.05 1.2 0.5)
(0.1 1.2 0.5)
(0.15 1.2 0.5)
(0.2 1.2 0.5)
(0.25 1.2 0.5)
(0.3 1.2 0.5)
(0.35 1.2 0.5)
(0.4 1.2 0.5)
(0.45 1.2 0.5)
(0.5 1.2 0.5)
(0 1.25 0.5)
(0.05 1.25 0.5)
(0.1 1.25 0.5)
(0.15 1.25 0.5)
(0.2 1.25 0.5)
(0.25 1.25 0.5)
(0.3 1.25 0.5)
(0.35 1.25 0.5)
(0.4 1.25 0.5)
(0.45 1.25 0.5)
(0.5 1.25 0.5)
(0 1.3 0.5)
(0.05 1.3 0.5)
(0.1 1.3 0.5)
(0.15 1.3 0.5)
(0.2 1.3 0.5)
(0.25 1.3 0.5)
(0.3 1.3 0.5)
(0.35 1.3 0.5)
(0.4 1.3 0.5)
(0.45 1.3 0.5)
(0.5 1.3 0.5)
(0 1.35 0.5)
(0.05 1.35 0.5)
(0.1 1.35 0.5)
(0.15 1.35 0.5)
(0.2 1.35 0.5)
(0.25 1.35 0.5)
(0.3 1.35 0.5)
(0.35 1.35 0.5)
(0.4 1.35 0.5)
(0.45 1.35 0.5)
(0.5 1.35 0.5)
(0 1.4 0.5)
(0.05 1.4 0.5)
(0.1 1.4 0.5)
(0.15 1.4 0.5)
(0.2 1.4 0.5)
(0.25 1.4 0.5)
(0.3 1.4 0.5)
(0.35 1.4 0.5)
(0.4 1.4 0.5)
(0.45 1.4 0.5)
(0.5 1.4 0.5)
(0 1.45 0.5)
(0.05 1.45 0.5)
(0.1 1.45 0.5)
(0.15 1.45 0.5)
(0.2 1.45 0.5)
(0.25 1.45 0.5)
(0.3 1.45 0.5)
(0.35 1.45 0.5)
(0.4 1.45 0.5)
(0.45 1.45 0.5)
(0.5 1.45 0.5)
(0 1.5 0.5)
(0.05 1.5 0.5)
(0.1 1.5 0.5)
(0.15 1.5 0.5)
(0.2 1.5 0.5)
(0.25 1.5 0.5)
(0.3 1.5 0.5)
(0.35 1.5 0.5)
(0.4 1.5 0.5)
(0.45 1.5 0.5)
(0.5 1.5 0.5)
(0.6 0 0)
(0.7 0 0)
(0.8 0 0)
(0.9 0 0)
(0.6 0.1 0)
(0.7 0.1 0)
(0.8 0.1 0)
(0.9 0.1 0)
(0.6 0.2 0)
(0.7 0.2 0)
(0.8 0.2 0)
(0.9 0.2 0)
(0.6 0.3 0)
(0.7 0.3 0)
(0.8 0.3 0)
(0.9 0.3 0)
(0.6 0.4 0)
(0.7 0.4 0)
(0.8 0.4 0)
(0.9 0.4 0)
(0.6 0.5 0)
(0.7 0.5 0)
(0.8 0.5 0)
(0.9 0.5 0)
(0.6 0.6 0)
(0.7 0.6 0)
(0.8 0.6 0)
(0.9 0.6 0)
(0.6 0.7 0)
(0.7 0.7 0)
(0.8 0.7 0)
(0.9 0.7 0)
(0.6 0.8 0)
(0.7 0.8 0)
(0.8 0.8 0)
(0.9 0.8 0)
(0.6 0.9 0)
(0.7 0.9 0)
(0.8 0.9 0)
(0.9 0.9 0)
(0.6 1 0)
(0.7 1 0)
(0.8 1 0)
(0.9 1 0)
(0.6 0 0.05)
(0.7 0 0.05)
(0.8 0 0.05)
(0.9 0 0.05)
(0.6 0.1 0.05)
(0.7 0.1 0.05)
(0.8 0.1 0.05)
(0.9 0.1 0.05)
(0.6 0.2 0.05)
(0.7 0.2 0.05)
(0.8 0.2 0.05)
(0.9 0.2 0.05)
(0.6 0.3 0.05)
(0.7 0.3 0.05)
(0.8 0.3 0.05)
(0.9 0.3 0.05)
(0.6 0.4 0.05)
(0.7 0.4 0.05)
(0.8 0.4 0.05)
(0.9 0.4 0.05)
(0.6 0.5 0.05)
(0.7 0.5 0.05)
(0.8 0.5 0.05)
(0.9 0.5 0.05)
(0.6 0.6 0.05)
(0.7 0.6 0.05)
(0.8 0.6 0.05)
(0.9 0.6 0.05)
(0.6 0.7 0.05)
(0.7 0.7 0.05)
(0.8 0.7 0.05)
(0.9 0.7 0.05)
(0.6 0.8 0.05)
(0.7 0.8 0.05)
(0.8 0.8 0.05)
(0.9 0.8 0.05)
(0.6 0.9 0.05)
(0.7 0.9 0.05)
(0.8 0.9 0.05)
(0.9 0.9 0.05)
(0.6 1 0.05)
(0.7 1 0.05)
(0.8 1 0.05)
(0.9 1 0.05)
(0.6 0 0.1)
(0.7 0 0.1)
(0.8 0 0.1)
(0.9 0 0.1)
(0.6 0.1 0.1)
(0.7 0.1 0.1)
(0.8 0.1 0.1)
(0.9 0.1 0.1)
(0.6 0.2 0.1)
(0.7 0.2 0.1)
(0.8 0.2 0.1)
(0.9 0.2 0.1)
(0.6 0.3 0.1)
(0.7 0.3 0.1)
(0.8 0.3 0.1)
(0.9 0.3 0.1)
(0.6 0.4 0.1)
(0.7 0.4 0.1)
(0.8 0.4 0.1)
(0.9 0.4 0.1)
(0.6 0.5 0.1)
(0.7 0.5 0.1)
(0.8 0.5 0.1)
(0.9 0.5 0.1)
(0.6 0.6 0.1)
(0.7 0.6 0.1)
(0.8 0.6 0.1)
(0.9 0.6 0.1)
(0.6 0.7 0.1)
(0.7 0.7 0.1)
(0.8 0.7 0.1)
(0.9 0.7 0.1)
(0.6 0.8 0.1)
(0.7 0.8 0.1)
(0.8 0.8 0.1)
(0.9 0.8 0.1)
(0.6 0.9 0.1)
(0.7 0.9 0.1)
(0.8 0.9 0.1)
(0.9 0.9 0.1)
(0.6 1 0.1)
(0.7 1 0.1)
(0.8 1 0.1)
(0.9 1 0.1)
(0.6 0 0.15)
(0.7 0 0.15)
(0.8 0 0.15)
(0.9 0 0.15)
(0.6 0.1 0.15)
(0.7 0.1 0.15)
(0.8 0.1 0.15)
(0.9 0.1 0.15)
(0.6 0.2 0.15)
(0.7 0.2 0.15)
(0.8 0.2 0.15)
(0.9 0.2 0.15)
(0.6 0.3 0.15)
(0.7 0.3 0.15)
(0.8 0.3 0.15)
(0.9 0.3 0.15)
(0.6 0.4 0.15)
(0.7 0.4 0.15)
(0.8 0.4 0.15)
(0.9 0.4 0.15)
(0.6 0.5 0.15)
(0.7 0.5 0.15)
(0.8 0.5 0.15)
(0.9 0.5 0.15)
(0.6 0.6 0.15)
(0.7 0.6 0.15)
(0.8 0.6 0.15)
(0.9 0.6 0.15)
(0.6 0.7 0.15)
(0.7 0.7 0.15)
(0.8 0.7 0.15)
(0.9 0.7 0.15)
(0.6 0.8 0.15)
(0.7 0.8 0.15)
(0.8 0.8 0.15)
(0.9 0.8 0.15)
(0.6 0.9 0.15)
(0.7 0.9 0.15)
(0.8 0.9 0.15)
(0.9 0.9 0.15)
(0.6 1 0.15)
(0.7 1 0.15)
(0.8 1 0.15)
(0.9 1 0.15)
(0.6 0 0.2)
(0.7 0 0.2)
(0.8 0 0.2)
(0.9 0 0.2)
(0.6 0.1 0.2)
(0.7 0.1 0.2)
(0.8 0.1 0.2)
(0.9 0.1 0.2)
(0.6 0.2 0.2)
(0.7 0.2 0.2)
(0.8 0.2 0.2)
(0.9 0.2 0.2)
(0.6 0.3 0.2)
(0.7 0.3 0.2)
(0.8 0.3 0.2)
(0.9 0.3 0.2)
(0.6 0.4 0.2)
(0.7 0.4 0.2)
(0.8 0.4 0.2)
(0.9 0.4 0.2)
(0.6 0.5 0.2)
(0.7 0.5 0.2)
(0.8 0.5 0.2)
(0.9 0.5 0.2)
(0.6 0.6 0.2)
(0.7 0.6 0.2)
(0.8 0.6 0.2)
(0.9 0.6 0.2)
(0.6 0.7 0.2)
(0.7 0.7 0.2)
(0.8 0.7 0.2)
(0.9 0.7 0.2)
(0.6 0.8 0.2)
(0.7 0.8 0.2)
(0.8 0.8 0.2)
(0.9 0.8 0.2)
(0.6 0.9 0.2)
(0.7 0.9 0.2)
(0.8 0.9 0.2)
(0.9 0.9 0.2)
(0.6 1 0.2)
(0.7 1 0.2)
(0.8 1 0.2)
(0.9 1 0.2)
(0.6 0 0.25)
(0.7 0 0.25)
(0.8 0 0.25)
(0.9 0 0.25)
(0.6 0.1 0.25)
(0.7 0.1 0.25)
(0.8 0.1 0.25)
(0.9 0.1 0.25)
(0.6 0.2 0.25)
(0.7 0.2 0.25)
(0.8 0.2 0.25)
(0.9 0.2 0.25)
(0.6 0.3 0.25)
(0.7 0.3 0.25)
(0.8 0.3 0.25)
(0.9 0.3 0.25)
(0.6 0.4 0.25)
(0.7 0.4 0.25)
(0.8 0.4 0.25)
(0.9 0.4 0.25)
(0.6 0.5 0.25)
(0.7 0.5 0.25)
(0.8 0.5 0.25)
(0.9 0.5 0.25)
(0.6 0.6 0.25)
(0.7 0.6 0.25)
(0.8 0.6 0.25)
(0.9 0.6 0.25)
(0.6 0.7 0.25)
(0.7 0.7 0.25)
(0.8 0.7 0.25)
(0.9 0.7 0.25)
(0.6 0.8 0.25)
(0.7 0.8 0.25)
(0.8 0.8 0.25)
(0.9 0.8 0.25)
(0.6 0.9 0.25)
(0.7 0.9 0.25)
(0.8 0.9 0.25)
(0.9 0.9 0.25)
(0.6 1 0.25)
(0.7 1 0.25)
(0.8 1 0.25)
(0.9 1 0.25)
(0.6 0 0.3)
(0.7 0 0.3)
(0.8 0 0.3)
(0.9 0 0.3)
(0.6 0.1 0.3)
(0.7 0.1 0.3)
(0.8 0.1 0.3)
(0.9 0.1 0.3)
(0.6 0.2 0.3)
(0.7 0.2 0.3)
(0.8 0.2 0.3)
(0.9 0.2 0.3)
(0.6 0.3 0.3)
(0.7 0.3 0.3)
(0.8 0.3 0.3)
(0.9 0.3 0.3)
(0.6 0.4 0.3)
(0.7 0.4 0.3)
(0.8 0.4 0.3)
(0.9 0.4 0.3)
(0.6 0.5 0.3)
(0.7 0.5 0.3)
(0.8 0.5 0.3)
(0.9 0.5 0.3)
(0.6 0.6 0.3)
(0.7 0.6 0.3)
(0.8 0.6 0.3)
(0.9 0.6 0.3)
(0.6 0.7 0.3)
(0.7 0.7 0.3)
(0.8 0.7 0.3)
(0.9 0.7 0.3)
(0.6 0.8 0.3)
(0.7 0.8 0.3)
(0.8 0.8 0.3)
(0.9 0.8 0.3)
(0.6 0.9 0.3)
(0.7 0.9 0.3)
(0.8 0.9 0.3)
(0.9 0.9 0.3)
(0.6 1 0.3)
(0.7 1 0.3)
(0.8 1 0.3)
(0.9 1 0.3)
(0.6 0 0.35)
(0.7 0 0.35)
(0.8 0 0.35)
(0.9 0 0.35)
(0.6 0.1 0.35)
(0.7 0.1 0.35)
(0.8 0.1 0.35)
(0.9 0.1 0.35)
(0.6 0.2 0.35)
(0.7 0.2 0.35)
(0.8 0.2 0.35)
(0.9 0.2 0.35)
(0.6 0.3 0.35)
(0.7 0.3 0.35)
(0.8 0.3 0.35)
(0.9 0.3 0.35)
(0.6 0.4 0.35)
(0.7 0.4 0.35)
(0.8 0.4 0.35)
(0.9 0.4 0.35)
(0.6 0.5 0.35)
(0.7 0.5 0.35)
(0.8 0.5 0.35)
(0.9 0.5 0.35)
(0.6 0.6 0.35)
(0.7 0.6 0.35)
(0.8 0.6 0.35)
(0.9 0.6 0.35)
(0.6 0.7 0.35)
(0.7 0.7 0.35)
(0.8 0.7 0.35)
(0.9 0.7 0.35)
(0.6 0.8 0.35)
(0.7 0.8 0.35)
(0.8 0.8 0.35)
(0.9 0.8 0.35)
(0.6 0.9 0.35)
(0.7 0.9 0.35)
(0.8 0.9 0.35)
(0.9 0.9 0.35)
(0.6 1 0.35)
(0.7 1 0.35)
(0.8 1 0.35)
(0.9 1 0.35)
(0.6 0 0.4)
(0.7 0 0.4)
(0.8 0 0.4)
(0.9 0 0.4)
(0.6 0.1 0.4)
(0.7 0.1 0.4)
(0.8 0.1 0.4)
(0.9 0.1 0.4)
(0.6 0.2 0.4)
(0.7 0.2 0.4)
(0.8 0.2 0.4)
(0.9 0.2 0.4)
(0.6 0.3 0.4)
(0.7 0.3 0.4)
(0.8 0.3 0.4)
(0.9 0.3 0.4)
(0.6 0.4 0.4)
(0.7 0.4 0.4)
(0.8 0.4 0.4)
(0.9 0.4 0.4)
(0.6 0.5 0.4)
(0.7 0.5 0.4)
(0.8 0.5 0.4)
(0.9 0.5 0.4)
(0.6 0.6 0.4)
(0.7 0.6 0.4)
(0.8 0.6 0.4)
(0.9 0.6 0.4)
(0.6 0.7 0.4)
(0.7 0.7 0.4)
(0.8 0.7 0.4)
(0.9 0.7 0.4)
(0.6 0.8 0.4)
(0.7 0.8 0.4)
(0.8 0.8 0.4)
(0.9 0.8 0.4)
(0.6 0.9 0.4)
(0.7 0.9 0.4)
(0.8 0.9 0.4)
(0.9 0.9 0.4)
(0.6 1 0.4)
(0.7 1 0.4)
(0.8 1 0.4)
(0.9 1 0.4)
(0.6 0 0.45)
(0.7 0 0.45)
(0.8 0 0.45)
(0.9 0 0.45)
(0.6 0.1 0.45)
(0.7 0.1 0.45)
(0.8 0.1 0.45)
(0.9 0.1 0.45)
(0.6 0.2 0.45)
(0.7 0.2 0.45)
(0.8 0.2 0.45)
(0.9 0.2 0.45)
(0.6 0.3 0.45)
(0.7 0.3 0.45)
(0.8 0.3 0.45)
(0.9 0.3 0.45)
(0.6 0.4 0.45)
(0.7 0.4 0.45)
(0.8 0.4 0.45)
(0.9 0.4 0.45)
(0.6 0.5 0.45)
(0.7 0.5 0.45)
(0.8 0.5 0.45)
(0.9 0.5 0.45)
(0.6 0.6 0.45)
(0.7 0.6 0.45)
(0.8 0.6 0.45)
(0.9 0.6 0.45)
(0.6 0.7 0.45)
(0.7 0.7 0.45)
(0.8 0.7 0.45)
(0.9 0.7 0.45)
(0.6 0.8 0.45)
(0.7 0.8 0.45)
(0.8 0.8 0.45)
(0.9 0.8 0.45)
(0.6 0.9 0.45)
(0.7 0.9 0.45)
(0.8 0.9 0.45)
(0.9 0.9 0.45)
(0.6 1 0.45)
(0.7 1 0.45)
(0.8 1 0.45)
(0.9 1 0.45)
(0.6 0 0.5)
(0.7 0 0.5)
(0.8 0 0.5)
(0.9 0 0.5)
(0.6 0.1 0.5)
(0.7 0.1 0.5)
(0.8 0.1 0.5)
(0.9 0.1 0.5)
(0.6 0.2 0.5)
(0.7 0.2 0.5)
(0.8 0.2 0.5)
(0.9 0.2 0.5)
(0.6 0.3 0.5)
(0.7 0.3 0.5)
(0.8 0.3 0.5)
(0.9 0.3 0.5)
(0.6 0.4 0.5)
(0.7 0.4 0.5)
(0.8 0.4 0.5)
(0.9 0.4 0.5)
(0.6 0.5 0.5)
(0.7 0.5 0.5)
(0.8 0.5 0.5)
(0.9 0.5 0.5)
(0.6 0.6 0.5)
(0.7 0.6 0.5)
(0.8 0.6 0.5)
(0.9 0.6 0.5)
(0.6 0.7 0.5)
(0.7 0.7 0.5)
(0.8 0.7 0.5)
(0.9 0.7 0.5)
(0.6 0.8 0.5)
(0.7 0.8 0.5)
(0.8 0.8 0.5)
(0.9 0.8 0.5)
(0.6 0.9 0.5)
(0.7 0.9 0.5)
(0.8 0.9 0.5)
(0.9 0.9 0.5)
(0.6 1 0.5)
(0.7 1 0.5)
(0.8 1 0.5)
(0.9 1 0.5)
(1 1.125 0)
(1.05 1.125 0)
(1.1 1.125 0)
(1.15 1.125 0)
(1.2 1.125 0)
(1.25 1.125 0)
(1.3 1.125 0)
(1.35 1.125 0)
(1.4 1.125 0)
(1.45 1.125 0)
(1.5 1.125 0)
(1 1.25 0)
(1.05 1.25 0)
(1.1 1.25 0)
(1.15 1.25 0)
(1.2 1.25 0)
(1.25 1.25 0)
(1.3 1.25 0)
(1.35 1.25 0)
(1.4 1.25 0)
(1.45 1.25 0)
(1.5 1.25 0)
(1 1.375 0)
(1.05 1.375 0)
(1.1 1.375 0)
(1.15 1.375 0)
(1.2 1.375 0)
(1.25 1.375 0)
(1.3 1.375 0)
(1.35 1.375 0)
(1.4 1.375 0)
(1.45 1.375 0)
(1.5 1.375 0)
(1 1.5 0)
(1.05 1.5 0)
(1.1 1.5 0)
(1.15 1.5 0)
(1.2 1.5 0)
(1.25 1.5 0)
(1.3 1.5 0)
(1.35 1.5 0)
(1.4 1.5 0)
(1.45 1.5 0)
(1.5 1.5 0)
(1 1.125 0.05)
(1.05 1.125 0.05)
(1.1 1.125 0.05)
(1.15 1.125 0.05)
(1.2 1.125 0.05)
(1.25 1.125 0.05)
(1.3 1.125 0.05)
(1.35 1.125 0.05)
(1.4 1.125 0.05)
(1.45 1.125 0.05)
(1.5 1.125 0.05)
(1 1.25 0.05)
(1.05 1.25 0.05)
(1.1 1.25 0.05)
(1.15 1.25 0.05)
(1.2 1.25 0.05)
(1.25 1.25 0.05)
(1.3 1.25 0.05)
(1.35 1.25 0.05)
(1.4 1.25 0.05)
(1.45 1.25 0.05)
(1.5 1.25 0.05)
(1 1.375 0.05)
(1.05 1.375 0.05)
(1.1 1.375 0.05)
(1.15 1.375 0.05)
(1.2 1.375 0.05)
(1.25 1.375 0.05)
(1.3 1.375 0.05)
(1.35 1.375 0.05)
(1.4 1.375 0.05)
(1.45 1.375 0.05)
(1.5 1.375 0.05)
(1 1.5 0.05)
(1.05 1.5 0.05)
(1.1 1.5 0.05)
(1.15 1.5 0.05)
(1.2 1.5 0.05)
(1.25 1.5 0.05)
(1.3 1.5 0.05)
(1.35 1.5 0.05)
(1.4 1.5 0.05)
(1.45 1.5 0.05)
(1.5 1.5 0.05)
(1 1.125 0.1)
(1.05 1.125 0.1)
(1.1 1.125 0.1)
(1.15 1.125 0.1)
(1.2 1.125 0.1)
(1.25 1.125 0.1)
(1.3 1.125 0.1)
(1.35 1.125 0.1)
(1.4 1.125 0.1)
(1.45 1.125 0.1)
(1.5 1.125 0.1)
(1 1.25 0.1)
(1.05 1.25 0.1)
(1.1 1.25 0.1)
(1.15 1.25 0.1)
(1.2 1.25 0.1)
(1.25 1.25 0.1)
(1.3 1.25 0.1)
(1.35 1.25 0.1)
(1.4 1.25 0.1)
(1.45 1.25 0.1)
(1.5 1.25 0.1)
(1 1.375 0.1)
(1.05 1.375 0.1)
(1.1 1.375 0.1)
(1.15 1.375 0.1)
(1.2 1.375 0.1)
(1.25 1.375 0.1)
(1.3 1.375 0.1)
(1.35 1.375 0.1)
(1.4 1.375 0.1)
(1.45 1.375 0.1)
(1.5 1.375 0.1)
(1 1.5 0.1)
(1.05 1.5 0.1)
(1.1 1.5 0.1)
(1.15 1.5 0.1)
(1.2 1.5 0.1)
(1.25 1.5 0.1)
(1.3 1.5 0.1)
(1.35 1.5 0.1)
(1.4 1.5 0.1)
(1.45 1.5 0.1)
(1.5 1.5 0.1)
(1 1.125 0.15)
(1.05 1.125 0.15)
(1.1 1.125 0.15)
(1.15 1.125 0.15)
(1.2 1.125 0.15)
(1.25 1.125 0.15)
(1.3 1.125 0.15)
(1.35 1.125 0.15)
(1.4 1.125 0.15)
(1.45 1.125 0.15)
(1.5 1.125 0.15)
(1 1.25 0.15)
(1.05 1.25 0.15)
(1.1 1.25 0.15)
(1.15 1.25 0.15)
(1.2 1.25 0.15)
(1.25 1.25 0.15)
(1.3 1.25 0.15)
(1.35 1.25 0.15)
(1.4 1.25 0.15)
(1.45 1.25 0.15)
(1.5 1.25 0.15)
(1 1.375 0.15)
(1.05 1.375 0.15)
(1.1 1.375 0.15)
(1.15 1.375 0.15)
(1.2 1.375 0.15)
(1.25 1.375 0.15)
(1.3 1.375 0.15)
(1.35 1.375 0.15)
(1.4 1.375 0.15)
(1.45 1.375 0.15)
(1.5 1.375 0.15)
(1 1.5 0.15)
(1.05 1.5 0.15)
(1.1 1.5 0.15)
(1.15 1.5 0.15)
(1.2 1.5 0.15)
(1.25 1.5 0.15)
(1.3 1.5 0.15)
(1.35 1.5 0.15)
(1.4 1.5 0.15)
(1.45 1.5 0.15)
(1.5 1.5 0.15)
(1 1.125 0.2)
(1.05 1.125 0.2)
(1.1 1.125 0.2)
(1.15 1.125 0.2)
(1.2 1.125 0.2)
(1.25 1.125 0.2)
(1.3 1.125 0.2)
(1.35 1.125 0.2)
(1.4 1.125 0.2)
(1.45 1.125 0.2)
(1.5 1.125 0.2)
(1 1.25 0.2)
(1.05 1.25 0.2)
(1.1 1.25 0.2)
(1.15 1.25 0.2)
(1.2 1.25 0.2)
(1.25 1.25 0.2)
(1.3 1.25 0.2)
(1.35 1.25 0.2)
(1.4 1.25 0.2)
(1.45 1.25 0.2)
(1.5 1.25 0.2)
(1 1.375 0.2)
(1.05 1.375 0.2)
(1.1 1.375 0.2)
(1.15 1.375 0.2)
(1.2 1.375 0.2)
(1.25 1.375 0.2)
(1.3 1.375 0.2)
(1.35 1.375 0.2)
(1.4 1.375 0.2)
(1.45 1.375 0.2)
(1.5 1.375 0.2)
(1 1.5 0.2)
(1.05 1.5 0.2)
(1.1 1.5 0.2)
(1.15 1.5 0.2)
(1.2 1.5 0.2)
(1.25 1.5 0.2)
(1.3 1.5 0.2)
(1.35 1.5 0.2)
(1.4 1.5 0.2)
(1.45 1.5 0.2)
(1.5 1.5 0.2)
(1 1.125 0.25)
(1.05 1.125 0.25)
(1.1 1.125 0.25)
(1.15 1.125 0.25)
(1.2 1.125 0.25)
(1.25 1.125 0.25)
(1.3 1.125 0.25)
(1.35 1.125 0.25)
(1.4 1.125 0.25)
(1.45 1.125 0.25)
(1.5 1.125 0.25)
(1 1.25 0.25)
(1.05 1.25 0.25)
(1.1 1.25 0.25)
(1.15 1.25 0.25)
(1.2 1.25 0.25)
(1.25 1.25 0.25)
(1.3 1.25 0.25)
(1.35 1.25 0.25)
(1.4 1.25 0.25)
(1.45 1.25 0.25)
(1.5 1.25 0.25)
(1 1.375 0.25)
(1.05 1.375 0.25)
(1.1 1.375 0.25)
(1.15 1.375 0.25)
(1.2 1.375 0.25)
(1.25 1.375 0.25)
(1.3 1.375 0.25)
(1.35 1.375 0.25)
(1.4 1.375 0.25)
(1.45 1.375 0.25)
(1.5 1.375 0.25)
(1 1.5 0.25)
(1.05 1.5 0.25)
(1.1 1.5 0.25)
(1.15 1.5 0.25)
(1.2 1.5 0.25)
(1.25 1.5 0.25)
(1.3 1.5 0.25)
(1.35 1.5 0.25)
(1.4 1.5 0.25)
(1.45 1.5 0.25)
(1.5 1.5 0.25)
(1 1.125 0.3)
(1.05 1.125 0.3)
(1.1 1.125 0.3)
(1.15 1.125 0.3)
(1.2 1.125 0.3)
(1.25 1.125 0.3)
(1.3 1.125 0.3)
(1.35 1.125 0.3)
(1.4 1.125 0.3)
(1.45 1.125 0.3)
(1.5 1.125 0.3)
(1 1.25 0.3)
(1.05 1.25 0.3)
(1.1 1.25 0.3)
(1.15 1.25 0.3)
(1.2 1.25 0.3)
(1.25 1.25 0.3)
(1.3 1.25 0.3)
(1.35 1.25 0.3)
(1.4 1.25 0.3)
(1.45 1.25 0.3)
(1.5 1.25 0.3)
(1 1.375 0.3)
(1.05 1.375 0.3)
(1.1 1.375 0.3)
(1.15 1.375 0.3)
(1.2 1.375 0.3)
(1.25 1.375 0.3)
(1.3 1.375 0.3)
(1.35 1.375 0.3)
(1.4 1.375 0.3)
(1.45 1.375 0.3)
(1.5 1.375 0.3)
(1 1.5 0.3)
(1.05 1.5 0.3)
(1.1 1.5 0.3)
(1.15 1.5 0.3)
(1.2 1.5 0.3)
(1.25 1.5 0.3)
(1.3 1.5 0.3)
(1.35 1.5 0.3)
(1.4 1.5 0.3)
(1.45 1.5 0.3)
(1.5 1.5 0.3)
(1 1.125 0.35)
(1.05 1.125 0.35)
(1.1 1.125 0.35)
(1.15 1.125 0.35)
(1.2 1.125 0.35)
(1.25 1.125 0.35)
(1.3 1.125 0.35)
(1.35 1.125 0.35)
(1.4 1.125 0.35)
(1.45 1.125 0.35)
(1.5 1.125 0.35)
(1 1.25 0.35)
(1.05 1.25 0.35)
(1.1 1.25 0.35)
(1.15 1.25 0.35)
(1.2 1.25 0.35)
(1.25 1.25 0.35)
(1.3 1.25 0.35)
(1.35 1.25 0.35)
(1.4 1.25 0.35)
(1.45 1.25 0.35)
(1.5 1.25 0.35)
(1 1.375 0.35)
(1.05 1.375 0.35)
(1.1 1.375 0.35)
(1.15 1.375 0.35)
(1.2 1.375 0.35)
(1.25 1.375 0.35)
(1.3 1.375 0.35)
(1.35 1.375 0.35)
(1.4 1.375 0.35)
(1.45 1.375 0.35)
(1.5 1.375 0.35)
(1 1.5 0.35)
(1.05 1.5 0.35)
(1.1 1.5 0.35)
(1.15 1.5 0.35)
(1.2 1.5 0.35)
(1.25 1.5 0.35)
(1.3 1.5 0.35)
(1.35 1.5 0.35)
(1.4 1.5 0.35)
(1.45 1.5 0.35)
(1.5 1.5 0.35)
(1 1.125 0.4)
(1.05 1.125 0.4)
(1.1 1.125 0.4)
(1.15 1.125 0.4)
(1.2 1.125 0.4)
(1.25 1.125 0.4)
(1.3 1.125 0.4)
(1.35 1.125 0.4)
(1.4 1.125 0.4)
(1.45 1.125 0.4)
(1.5 1.125 0.4)
(1 1.25 0.4)
(1.05 1.25 0.4)
(1.1 1.25 0.4)
(1.15 1.25 0.4)
(1.2 1.25 0.4)
(1.25 1.25 0.4)
(1.3 1.25 0.4)
(1.35 1.25 0.4)
(1.4 1.25 0.4)
(1.45 1.25 0.4)
(1.5 1.25 0.4)
(1 1.375 0.4)
(1.05 1.375 0.4)
(1.1 1.375 0.4)
(1.15 1.375 0.4)
(1.2 1.375 0.4)
(1.25 1.375 0.4)
(1.3 1.375 0.4)
(1.35 1.375 0.4)
(1.4 1.375 0.4)
(1.45 1.375 0.4)
(1.5 1.375 0.4)
(1 1.5 0.4)
(1.05 1.5 0.4)
(1.1 1.5 0.4)
(1.15 1.5 0.4)
(1.2 1.5 0.4)
(1.25 1.5 0.4)
(1.3 1.5 0.4)
(1.35 1.5 0.4)
(1.4 1.5 0.4)
(1.45 1.5 0.4)
(1.5 1.5 0.4)
(1 1.125 0.45)
(1.05 1.125 0.45)
(1.1 1.125 0.45)
(1.15 1.125 0.45)
(1.2 1.125 0.45)
(1.25 1.125 0.45)
(1.3 1.125 0.45)
(1.35 1.125 0.45)
(1.4 1.125 0.45)
(1.45 1.125 0.45)
(1.5 1.125 0.45)
(1 1.25 0.45)
(1.05 1.25 0.45)
(1.1 1.25 0.45)
(1.15 1.25 0.45)
(1.2 1.25 0.45)
(1.25 1.25 0.45)
(1.3 1.25 0.45)
(1.35 1.25 0.45)
(1.4 1.25 0.45)
(1.45 1.25 0.45)
(1.5 1.25 0.45)
(1 1.375 0.45)
(1.05 1.375 0.45)
(1.1 1.375 0.45)
(1.15 1.375 0.45)
(1.2 1.375 0.45)
(1.25 1.375 0.45)
(1.3 1.375 0.45)
(1.35 1.375 0.45)
(1.4 1.375 0.45)
(1.45 1.375 0.45)
(1.5 1.375 0.45)
(1 1.5 0.45)
(1.05 1.5 0.45)
(1.1 1.5 0.45)
(1.15 1.5 0.45)
(1.2 1.5 0.45)
(1.25 1.5 0.45)
(1.3 1.5 0.45)
(1.35 1.5 0.45)
(1.4 1.5 0.45)
(1.45 1.5 0.45)
(1.5 1.5 0.45)
(1 1.125 0.5)
(1.05 1.125 0.5)
(1.1 1.125 0.5)
(1.15 1.125 0.5)
(1.2 1.125 0.5)
(1.25 1.125 0.5)
(1.3 1.125 0.5)
(1.35 1.125 0.5)
(1.4 1.125 0.5)
(1.45 1.125 0.5)
(1.5 1.125 0.5)
(1 1.25 0.5)
(1.05 1.25 0.5)
(1.1 1.25 0.5)
(1.15 1.25 0.5)
(1.2 1.25 0.5)
(1.25 1.25 0.5)
(1.3 1.25 0.5)
(1.35 1.25 0.5)
(1.4 1.25 0.5)
(1.45 1.25 0.5)
(1.5 1.25 0.5)
(1 1.375 0.5)
(1.05 1.375 0.5)
(1.1 1.375 0.5)
(1.15 1.375 0.5)
(1.2 1.375 0.5)
(1.25 1.375 0.5)
(1.3 1.375 0.5)
(1.35 1.375 0.5)
(1.4 1.375 0.5)
(1.45 1.375 0.5)
(1.5 1.375 0.5)
(1 1.5 0.5)
(1.05 1.5 0.5)
(1.1 1.5 0.5)
(1.15 1.5 0.5)
(1.2 1.5 0.5)
(1.25 1.5 0.5)
(1.3 1.5 0.5)
(1.35 1.5 0.5)
(1.4 1.5 0.5)
(1.45 1.5 0.5)
(1.5 1.5 0.5)
(0 0 1)
(0.05 0 1)
(0.1 0 1)
(0.15 0 1)
(0.2 0 1)
(0.25 0 1)
(0.3 0 1)
(0.35 0 1)
(0.4 0 1)
(0.45 0 1)
(0.5 0 1)
(0 0.1 1)
(0.05 0.1 1)
(0.1 0.1 1)
(0.15 0.1 1)
(0.2 0.1 1)
(0.25 0.1 1)
(0.3 0.1 1)
(0.35 0.1 1)
(0.4 0.1 1)
(0.45 0.1 1)
(0.5 0.1 1)
(0 0.2 1)
(0.05 0.2 1)
(0.1 0.2 1)
(0.15 0.2 1)
(0.2 0.2 1)
(0.25 0.2 1)
(0.3 0.2 1)
(0.35 0.2 1)
(0.4 0.2 1)
(0.45 0.2 1)
(0.5 0.2 1)
(0 0.3 1)
(0.05 0.3 1)
(0.1 0.3 1)
(0.15 0.3 1)
(0.2 0.3 1)
(0.25 0.3 1)
(0.3 0.3 1)
(0.35 0.3 1)
(0.4 0.3 1)
(0.45 0.3 1)
(0.5 0.3 1)
(0 0.4 1)
(0.05 0.4 1)
(0.1 0.4 1)
(0.15 0.4 1)
(0.2 0.4 1)
(0.25 0.4 1)
(0.3 0.4 1)
(0.35 0.4 1)
(0.4 0.4 1)
(0.45 0.4 1)
(0.5 0.4 1)
(0 0.5 1)
(0.05 0.5 1)
(0.1 0.5 1)
(0.15 0.5 1)
(0.2 0.5 1)
(0.25 0.5 1)
(0.3 0.5 1)
(0.35 0.5 1)
(0.4 0.5 1)
(0.45 0.5 1)
(0.5 0.5 1)
(0 0.6 1)
(0.05 0.6 1)
(0.1 0.6 1)
(0.15 0.6 1)
(0.2 0.6 1)
(0.25 0.6 1)
(0.3 0.6 1)
(0.35 0.6 1)
(0.4 0.6 1)
(0.45 0.6 1)
(0.5 0.6 1)
(0 0.7 1)
(0.05 0.7 1)
(0.1 0.7 1)
(0.15 0.7 1)
(0.2 0.7 1)
(0.25 0.7 1)
(0.3 0.7 1)
(0.35 0.7 1)
(0.4 0.7 1)
(0.45 0.7 1)
(0.5 0.7 1)
(0 0.8 1)
(0.05 0.8 1)
(0.1 0.8 1)
(0.15 0.8 1)
(0.2 0.8 1)
(0.25 0.8 1)
(0.3 0.8 1)
(0.35 0.8 1)
(0.4 0.8 1)
(0.45 0.8 1)
(0.5 0.8 1)
(0 0.9 1)
(0.05 0.9 1)
(0.1 0.9 1)
(0.15 0.9 1)
(0.2 0.9 1)
(0.25 0.9 1)
(0.3 0.9 1)
(0.35 0.9 1)
(0.4 0.9 1)
(0.45 0.9 1)
(0.5 0.9 1)
(0 1 1)
(0.05 1 1)
(0.1 1 1)
(0.15 1 1)
(0.2 1 1)
(0.25 1 1)
(0.3 1 1)
(0.35 1 1)
(0.4 1 1)
(0.45 1 1)
(0.5 1 1)
(1 0 1)
(1.05 0 1)
(1.1 0 1)
(1.15 0 1)
(1.2 0 1)
(1.25 0 1)
(1.3 0 1)
(1.35 0 1)
(1.4 0 1)
(1.45 0 1)
(1.5 0 1)
(1 0.1 1)
(1.05 0.1 1)
(1.1 0.1 1)
(1.15 0.1 1)
(1.2 0.1 1)
(1.25 0.1 1)
(1.3 0.1 1)
(1.35 0.1 1)
(1.4 0.1 1)
(1.45 0.1 1)
(1.5 0.1 1)
(1 0.2 1)
(1.05 0.2 1)
(1.1 0.2 1)
(1.15 0.2 1)
(1.2 0.2 1)
(1.25 0.2 1)
(1.3 0.2 1)
(1.35 0.2 1)
(1.4 0.2 1)
(1.45 0.2 1)
(1.5 0.2 1)
(1 0.3 1)
(1.05 0.3 1)
(1.1 0.3 1)
(1.15 0.3 1)
(1.2 0.3 1)
(1.25 0.3 1)
(1.3 0.3 1)
(1.35 0.3 1)
(1.4 0.3 1)
(1.45 0.3 1)
(1.5 0.3 1)
(1 0.4 1)
(1.05 0.4 1)
(1.1 0.4 1)
(1.15 0.4 1)
(1.2 0.4 1)
(1.25 0.4 1)
(1.3 0.4 1)
(1.35 0.4 1)
(1.4 0.4 1)
(1.45 0.4 1)
(1.5 0.4 1)
(1 0.5 1)
(1.05 0.5 1)
(1.1 0.5 1)
(1.15 0.5 1)
(1.2 0.5 1)
(1.25 0.5 1)
(1.3 0.5 1)
(1.35 0.5 1)
(1.4 0.5 1)
(1.45 0.5 1)
(1.5 0.5 1)
(1 0.6 1)
(1.05 0.6 1)
(1.1 0.6 1)
(1.15 0.6 1)
(1.2 0.6 1)
(1.25 0.6 1)
(1.3 0.6 1)
(1.35 0.6 1)
(1.4 0.6 1)
(1.45 0.6 1)
(1.5 0.6 1)
(1 0.7 1)
(1.05 0.7 1)
(1.1 0.7 1)
(1.15 0.7 1)
(1.2 0.7 1)
(1.25 0.7 1)
(1.3 0.7 1)
(1.35 0.7 1)
(1.4 0.7 1)
(1.45 0.7 1)
(1.5 0.7 1)
(1 0.8 1)
(1.05 0.8 1)
(1.1 0.8 1)
(1.15 0.8 1)
(1.2 0.8 1)
(1.25 0.8 1)
(1.3 0.8 1)
(1.35 0.8 1)
(1.4 0.8 1)
(1.45 0.8 1)
(1.5 0.8 1)
(1 0.9 1)
(1.05 0.9 1)
(1.1 0.9 1)
(1.15 0.9 1)
(1.2 0.9 1)
(1.25 0.9 1)
(1.3 0.9 1)
(1.35 0.9 1)
(1.4 0.9 1)
(1.45 0.9 1)
(1.5 0.9 1)
(1 1 1)
(1.05 1 1)
(1.1 1 1)
(1.15 1 1)
(1.2 1 1)
(1.25 1 1)
(1.3 1 1)
(1.35 1 1)
(1.4 1 1)
(1.45 1 1)
(1.5 1 1)
(0 -0.5 1)
(0.05 -0.5 1)
(0.1 -0.5 1)
(0.15 -0.5 1)
(0.2 -0.5 1)
(0.25 -0.5 1)
(0.3 -0.5 1)
(0.35 -0.5 1)
(0.4 -0.5 1)
(0.45 -0.5 1)
(0.5 -0.5 1)
(0 -0.45 1)
(0.05 -0.45 1)
(0.1 -0.45 1)
(0.15 -0.45 1)
(0.2 -0.45 1)
(0.25 -0.45 1)
(0.3 -0.45 1)
(0.35 -0.45 1)
(0.4 -0.45 1)
(0.45 -0.45 1)
(0.5 -0.45 1)
(0 -0.4 1)
(0.05 -0.4 1)
(0.1 -0.4 1)
(0.15 -0.4 1)
(0.2 -0.4 1)
(0.25 -0.4 1)
(0.3 -0.4 1)
(0.35 -0.4 1)
(0.4 -0.4 1)
(0.45 -0.4 1)
(0.5 -0.4 1)
(0 -0.35 1)
(0.05 -0.35 1)
(0.1 -0.35 1)
(0.15 -0.35 1)
(0.2 -0.35 1)
(0.25 -0.35 1)
(0.3 -0.35 1)
(0.35 -0.35 1)
(0.4 -0.35 1)
(0.45 -0.35 1)
(0.5 -0.35 1)
(0 -0.3 1)
(0.05 -0.3 1)
(0.1 -0.3 1)
(0.15 -0.3 1)
(0.2 -0.3 1)
(0.25 -0.3 1)
(0.3 -0.3 1)
(0.35 -0.3 1)
(0.4 -0.3 1)
(0.45 -0.3 1)
(0.5 -0.3 1)
(0 -0.25 1)
(0.05 -0.25 1)
(0.1 -0.25 1)
(0.15 -0.25 1)
(0.2 -0.25 1)
(0.25 -0.25 1)
(0.3 -0.25 1)
(0.35 -0.25 1)
(0.4 -0.25 1)
(0.45 -0.25 1)
(0.5 -0.25 1)
(0 -0.2 1)
(0.05 -0.2 1)
(0.1 -0.2 1)
(0.15 -0.2 1)
(0.2 -0.2 1)
(0.25 -0.2 1)
(0.3 -0.2 1)
(0.35 -0.2 1)
(0.4 -0.2 1)
(0.45 -0.2 1)
(0.5 -0.2 1)
(0 -0.15 1)
(0.05 -0.15 1)
(0.1 -0.15 1)
(0.15 -0.15 1)
(0.2 -0.15 1)
(0.25 -0.15 1)
(0.3 -0.15 1)
(0.35 -0.15 1)
(0.4 -0.15 1)
(0.45 -0.15 1)
(0.5 -0.15 1)
(0 -0.1 1)
(0.05 -0.1 1)
(0.1 -0.1 1)
(0.15 -0.1 1)
(0.2 -0.1 1)
(0.25 -0.1 1)
(0.3 -0.1 1)
(0.35 -0.1 1)
(0.4 -0.1 1)
(0.45 -0.1 1)
(0.5 -0.1 1)
(0 -0.05 1)
(0.05 -0.05 1)
(0.1 -0.05 1)
(0.15 -0.05 1)
(0.2 -0.05 1)
(0.25 -0.05 1)
(0.3 -0.05 1)
(0.35 -0.05 1)
(0.4 -0.05 1)
(0.45 -0.05 1)
(0.5 -0.05 1)
(0.6 0 1)
(0.7 0 1)
(0.8 0 1)
(0.9 0 1)
(0.6 0.1 1)
(0.7 0.1 1)
(0.8 0.1 1)
(0.9 0.1 1)
(0.6 0.2 1)
(0.7 0.2 1)
(0.8 0.2 1)
(0.9 0.2 1)
(0.6 0.3 1)
(0.7 0.3 1)
(0.8 0.3 1)
(0.9 0.3 1)
(0.6 0.4 1)
(0.7 0.4 1)
(0.8 0.4 1)
(0.9 0.4 1)
(0.6 0.5 1)
(0.7 0.5 1)
(0.8 0.5 1)
(0.9 0.5 1)
(0.6 0.6 1)
(0.7 0.6 1)
(0.8 0.6 1)
(0.9 0.6 1)
(0.6 0.7 1)
(0.7 0.7 1)
(0.8 0.7 1)
(0.9 0.7 1)
(0.6 0.8 1)
(0.7 0.8 1)
(0.8 0.8 1)
(0.9 0.8 1)
(0.6 0.9 1)
(0.7 0.9 1)
(0.8 0.9 1)
(0.9 0.9 1)
(0.6 1 1)
(0.7 1 1)
(0.8 1 1)
(0.9 1 1)
(1 1.125 1)
(1.05 1.125 1)
(1.1 1.125 1)
(1.15 1.125 1)
(1.2 1.125 1)
(1.25 1.125 1)
(1.3 1.125 1)
(1.35 1.125 1)
(1.4 1.125 1)
(1.45 1.125 1)
(1.5 1.125 1)
(1 1.25 1)
(1.05 1.25 1)
(1.1 1.25 1)
(1.15 1.25 1)
(1.2 1.25 1)
(1.25 1.25 1)
(1.3 1.25 1)
(1.35 1.25 1)
(1.4 1.25 1)
(1.45 1.25 1)
(1.5 1.25 1)
(1 1.375 1)
(1.05 1.375 1)
(1.1 1.375 1)
(1.15 1.375 1)
(1.2 1.375 1)
(1.25 1.375 1)
(1.3 1.375 1)
(1.35 1.375 1)
(1.4 1.375 1)
(1.45 1.375 1)
(1.5 1.375 1)
(1 1.5 1)
(1.05 1.5 1)
(1.1 1.5 1)
(1.15 1.5 1)
(1.2 1.5 1)
(1.25 1.5 1)
(1.3 1.5 1)
(1.35 1.5 1)
(1.4 1.5 1)
(1.45 1.5 1)
(1.5 1.5 1)
)


// ************************************************************************* //
